# time, goalRoll, Torque, speed, roll, rollrate, steer, steerrate, intE
0.005,0,9.996302579759384,-7.824248038072706e-06,-5.684956071583258e-05,-0.0013929200382144218,0.0,0
0.01,105.37529076150366,4.0677692289222165,-1.3635178399204171e-05,3.365586677431399e-05,-0.001385742617196067,0.01810108549802931,0.004768319677589759
0.015,105.37529076150366,7.697413895948151,-0.0004749273065596471,0.02065221417914453,-0.1182304377209018,4.123711662474044,0.004768319677589759
0.02,-219.80371315124546,7.795365807211111,-0.00149070626992545,0.061193153868805444,-0.2641465370133286,8.108187937932183,0.004862838586750841
0.025,-0.9161273324030945,7.8938412726522085,-0.0016901949496584826,0.058571485227753614,-0.013434100919432094,-0.5243337282103661,0.004869358872644564
0.030000000000000002,-9.653165953140764,8.09889304836807,-0.0015589736756771477,0.05755385389328808,0.026253072999255684,-0.20352626689310732,0.004906803826269549
0.035,0.5574405516123215,8.367042716224123,-0.0014523451814154988,0.05467393461003095,0.03233936686038093,-0.5759838566514255,0.004937449711721146
0.04,0.5574405516123215,10.167555887236167,-0.0014913037547526478,0.05159813107761958,0.003440104657186337,-0.6151607064822734,0.004937449711721146
0.045,5.201236307680549,8.724661524059197,-0.0015348738918427487,0.04808348929169061,0.004683650129174235,-0.7029283571857947,0.004992406874191302
0.049999999999999996,5.201236307680549,8.459388613245128,-0.0015773206053777621,0.045383154864910846,0.0015370952503338878,-0.5400668853559526,0.004992406874191302
0.05499999999999999,-73.0907091627545,8.633285194361104,-0.0016363654099333807,0.04371380892111293,-0.004921225666966865,-0.3338691887595835,-0.001381037454342495
0.05999999999999999,-73.0907091627545,9.309426848327304,-0.0014643177336225804,0.02802393710815814,0.08363304001547162,-3.1379743625909575,-0.001381037454342495
0.06499999999999999,186.0267041135002,9.033695188739214,-0.0015983458223465536,-0.0019747182649484593,0.06679671402363893,-5.9997310746213195,0.0013743284875652245
0.06999999999999999,-60.32064856784368,9.131218491891223,-0.00029703390092023055,0.0060000701402465675,0.20727791112310656,1.5949576810390054,0.0008949094410073387
0.075,30.424835460620155,9.42442595089087,5.297931786062147e-05,0.0004951091761204902,0.08602586401462539,-1.1009921928252155,0.0010907059635035042
0.08,-14.594673170718893,9.54274907212155,0.0008572931665383498,0.0017698125156214266,0.14344882160839878,0.25494066790018727,0.0009325840277696053
0.085,5.850622177055786,9.554863124743223,0.001487140297522114,-8.880589757046605e-05,0.12238058107557366,-0.3717236826383785,0.0009146001947170269
0.09000000000000001,-2.790267480675491,9.541274739344333,0.0022048218745545143,-0.0006232572204946594,0.133376244089064,-0.10689026458483868,0.0008203960832654405
0.09500000000000001,1.3200481422257402,9.529505911321909,0.0028842458086016857,-0.0017547310831958693,0.12839249514771198,-0.226294772540242,0.000750250147966236
0.10000000000000002,-0.4697054856078102,9.524636104257755,0.0035788813765653764,-0.0025850606132931274,0.13006907335968304,-0.16606590601945162,0.0006594657506676379
0.10500000000000002,0.333671400727071,9.523457469137249,0.004264128959044961,-0.003509073997198612,0.12864179770234402,-0.18480267678109694,0.0005680220974559456
0.11000000000000003,-0.20185231757472524,9.415964718227443,0.004943652130606598,-0.004355963751630525,0.12731651946818667,-0.16937795088638263,0.0004745934174555747
0.11500000000000003,0.08312580374191716,9.393621619546575,0.005618641590378995,-0.0052345337407854,0.1265871619053621,-0.17571399783097488,0.0003741052759250556
0.12000000000000004,0.00367685253375076,9.39163502746988,0.00629207741199819,-0.0060829107788734,0.1261994589122117,-0.1696754076176001,0.0002656265178406907
0.12500000000000003,0.00367685253375076,9.394457946050808,0.006962706580693287,-0.006919414098161733,0.12565445718355597,-0.16730066385766648,0.0002656265178406907
0.13000000000000003,-1.5304870672814175,9.396582011795822,0.007630755940797323,-0.007743559561139432,0.1251498485968894,-0.16482909259553993,-0.00012641052681996892
0.13500000000000004,2.1568404056853647,9.397547229716677,0.00828722943689536,-0.008865825304116552,0.12377916274097991,-0.22445314859542395,-0.00024152966122693238
0.14000000000000004,-0.6203843648519102,9.398358334619891,0.008957530851162292,-0.009531491466557778,0.12512895142197275,-0.13313323248824518,-0.0003808515785958404
0.14500000000000005,1.0500278851164977,9.27860900320418,0.009589910147623507,-0.01034661856800875,0.11838567954160412,-0.1630254202901943,-0.0004995478375004303
0.15000000000000005,-0.5556567327444276,9.254790116000471,0.0102269617027007,-0.010933581449483467,0.11872900046102829,-0.11739257629494355,-0.0006440734747140254
0.15500000000000005,0.16514479992404726,9.254198832213254,0.010854847774135536,-0.011627818831023845,0.1173951477447488,-0.13884747630807553,-0.0007922026271142591
0.16000000000000006,-0.10974797325938258,9.259369887348655,0.011482327763327506,-0.012272035449074922,0.11723681956165966,-0.12884332361021536,-0.0009494238829470323
0.16500000000000006,0.055280869630425826,9.26376866641239,0.01210520351857201,-0.012928446965577243,0.11648500296635496,-0.13128230330046417,-0.0011115160175179182
0.17000000000000007,-0.010496236510870977,9.266846931751688,0.012725063354000261,-0.013561746294030636,0.11594036051776721,-0.12665986569067866,-0.0012799626194509343
0.17500000000000007,0.014029250406355366,9.269496836540917,0.013340916438211916,-0.014186512608997016,0.11525406602770752,-0.12495326299327598,-0.0014542079386842943
0.18000000000000008,1.0042728831096657,9.159765507646757,0.013917199513549137,-0.014825754634904074,0.10765349138615031,-0.12784840518141152,-0.0016053485416330727
0.18500000000000008,-0.646385156330416,9.137701166632086,0.01449311494220226,-0.015253926403788368,0.10729943939327542,-0.0856343537768589,-0.0017873275556051823
0.19000000000000009,0.10363773389247458,9.138709487300899,0.015058577623726596,-0.015807657731000267,0.10575327112205,-0.11074626544237964,-0.001974357573187636
0.1950000000000001,-0.13902063628991795,9.14530603902639,0.015621947953812203,-0.01632362947689699,0.10538572515162176,-0.10319434917934467,-0.0021704939739000326
0.2000000000000001,0.03896978167667123,9.150911389915164,0.01617915597169025,-0.0168579873840161,0.10439527544764597,-0.10687158142382233,-0.0023710610006522654
0.2050000000000001,-0.022243171427493796,9.154954177540525,0.016731561163209906,-0.017373099321625743,0.1035876244595388,-0.10302238752192827,-0.002577453469891422
0.2100000000000001,0.0025522400293786357,9.158309511696036,0.01727813251214994,-0.01788270983107675,0.1026199935351776,-0.10192210189020126,-0.0027891781616687025
0.2150000000000001,1.2782991835999742,9.059601581519003,0.01777395390931964,-0.018417147492208682,0.09285125788839353,-0.10688753222638653,-0.002968786988837853
0.2200000000000001,-0.8386049360666176,9.037925986701161,0.01826767646567463,-0.0186870188913291,0.09225229100082949,-0.05397427982408373,-0.0031859499184339773
0.22500000000000012,0.11135082933356127,9.038872855279099,0.018747781029595255,-0.019124190094976238,0.09015330875153839,-0.08743424072942749,-0.0034082244700860687
0.23000000000000012,-0.1742528363550756,9.045142511906935,0.01922406770152001,-0.019521891519291124,0.08954369232025067,-0.07954028486297712,-0.0036398874041562567
0.23500000000000013,0.053617023823283386,9.05016659436896,0.019691800079860163,-0.01994693899959285,0.08815915889173134,-0.08500949606034536,-0.0038749047593278725
0.24000000000000013,-0.019240650891925087,9.053404262529119,0.020152539397284595,-0.02035141450279394,0.08700745298627562,-0.08089510064021796,-0.004114930912556439
0.24500000000000013,0.012451815738685729,9.05574827996446,0.020605134790665204,-0.02075185420867074,0.08566706222517512,-0.08008794117536008,-0.004359355010805231
0.2500000000000001,0.012451815738685729,8.9683613001373,0.020997255838977297,-0.021182871389222837,0.07399329718352499,-0.08620343611041928,-0.004359355010805231
0.2550000000000001,-0.6138401113586165,8.945690880259507,0.02137893131295295,-0.02160819759633727,0.0722583785087695,-0.08506524142288668,-0.004976241486972279
0.2600000000000001,1.5785538170165523,8.945330164882723,0.021749594448845323,-0.022150370877778238,0.07052123161128271,-0.10843465628819354,-0.005221394285068224
0.2650000000000001,-0.49861511015452586,8.950199329528438,0.022118747017891353,-0.02236290279269748,0.07022639321243522,-0.042506382983848595,-0.005485327421500443
0.27000000000000013,0.25335191338591884,8.953737304278771,0.022472791107347387,-0.022680382480926412,0.06769785178493726,-0.06349593764578623,-0.00574739031673325
0.27500000000000013,-0.10111044113808351,8.955570290967266,0.02281984194944374,-0.02293586462606141,0.06659453240929042,-0.05109642902699982,-0.00601532801498311
0.28000000000000014,0.059059865660882865,8.956556330578922,0.02315607437320354,-0.023208053950542675,0.064815147719704,-0.05443786489625277,-0.0062856425289233835
0.28500000000000014,1.5903228385639143,8.882162810120066,0.023424875146198853,-0.023508139861018525,0.05175595810503356,-0.0600171820951699,-0.0065142791923741014
0.29000000000000015,-0.9353945182915183,8.859003324911711,0.023686145869944143,-0.023488161603827228,0.05052723547395653,0.003995651438259279,-0.00678283770753326
0.29500000000000015,0.07553206627943881,8.857807752685863,0.02393024041848161,-0.02366317936771729,0.04760838421437618,-0.03500355277801237,-0.007057986553752907
0.30000000000000016,-0.17129601806027112,8.861967520858324,0.024166479539141902,-0.023811762693426466,0.04643676678465231,-0.02971666514183513,-0.007341299383731528
0.30500000000000016,0.08873538599514794,8.865099313775074,0.024390838888117227,-0.023994044861259316,0.04448401811822074,-0.036456433566570134,-0.007625530853069244
0.31000000000000016,0.015745387987939174,8.866754649317445,0.02460476387133137,-0.024156117729662748,0.0428125295772379,-0.03241457368068634,-0.00791231491734542
0.31500000000000017,0.04415423411718794,8.86786026514233,0.024807465632236295,-0.024314787172699692,0.04098530023717736,-0.03173388860738882,-0.008201216062263521
0.3200000000000002,1.611553865953025,8.809353070832364,0.02493821743248879,-0.0245114999499499,0.027008115704052163,-0.03934255545004137,-0.00844911593638483
0.3250000000000002,-0.8365888750380956,8.787636389692253,0.02505957294367366,-0.02438803346573746,0.025668032984014103,0.024693296842488027,-0.008732110204999081
0.3300000000000002,0.02055928602203211,8.787502431688045,0.025164258891029825,-0.024444077059825802,0.022704429298697173,-0.011208718817668634,-0.009023488847471142
0.3350000000000002,-0.1469541116660773,8.792843398341008,0.025260018121166034,-0.02448976829140308,0.021393827700140734,-0.009138246315455734,-0.00932207580078427
0.3400000000000002,0.09422971741229424,8.797420105734943,0.025343854683471837,-0.02456811672299977,0.019436610885053825,-0.015669686319337572,-0.00962080480674896
0.3450000000000002,0.03339940493918364,8.80078204298478,0.025416846507261788,-0.02462957431975771,0.017728326539159952,-0.012291519351588509,-0.009921027527640743
0.3500000000000002,-14.482913696081246,9.303847285997108,0.02463595662548378,-0.023705965114132733,-0.1474980236642926,0.18472184112499554,-0.010868644393640908
0.3550000000000002,-7.911854461678991,10.042391008126339,0.023376676185492815,-0.024434524595463362,-0.24184847602081655,-0.14571189626612566,-0.012133407148744817
0.3600000000000002,10.746279458370221,10.098938532087047,0.02209783124228638,-0.026336581370275704,-0.24680870156513088,-0.38041135496246836,-0.012823458607992446
0.3650000000000002,-18.901202657709437,10.835618612221472,0.020621552421692287,-0.025438384032721105,-0.2829481912654198,0.17963946751091975,-0.01436355221044458
0.3700000000000002,14.911098076333063,10.925623619306743,0.019103998045697422,-0.0279963288242505,-0.29587639315014913,-0.5115889583058787,-0.015156361072110158
0.3750000000000002,-6.264744154554813,10.917519651065,0.01756494431520468,-0.02686202787101772,-0.29842979139234405,0.22686019064655574,-0.016033024451849103
0.3800000000000002,0.5179599317331107,10.905981052731581,0.016007948561253857,-0.026652507395740464,-0.3045424633145781,0.04190409505545126,-0.01681271010381266
0.38500000000000023,-3.5642624912588365,10.903222661471276,0.0144428955974381,-0.02581696607096367,-0.30701525656744266,0.16710826495535888,-0.017622462973094794
0.39000000000000024,-0.5179064688951974,10.872902547754911,0.012840320958398864,-0.025285677554010566,-0.3159363581968507,0.10625770339062063,-0.018359800195478705
0.39500000000000024,-3.2367408406981824,10.860285339679908,0.011224933045252065,-0.024357486262597944,-0.31940636643137027,0.1856382582825243,-0.019118311429991746
0.40000000000000024,-2.2996458289598607,10.863852687059758,0.009597210044193784,-0.02360533933908418,-0.3229577175734281,0.15042938470275283,-0.01986658861265496
0.40500000000000025,-2.511868360950362,10.87084956508221,0.007957925647001315,-0.022810941831617026,-0.32620124901756464,0.15887950149343077,-0.02060423220115135
0.41000000000000025,-2.2658828539177778,10.876742030737994,0.006306381597054015,-0.022021172631748936,-0.32954518636094965,0.157953839973618,-0.021320556442911916
0.41500000000000026,-2.367818682393657,10.881268727838442,0.004643503887752671,-0.02118042433994688,-0.3326391969991838,0.1681496583604114,-0.022017365735331303
0.42000000000000026,-2.367765567865244,10.885193154414122,0.002969634144948407,-0.020307880873501792,-0.33560596024692885,0.17450869328901747,-0.02269385068653963
0.42500000000000027,0.992359139656808,10.778388671253087,0.001288325017086422,-0.019416117428975886,-0.3377588751968247,0.1783526889051812,-0.023180794062940015
0.43000000000000027,-5.870611151462245,10.757129951720785,-0.00039394507577052883,-0.017808310563279254,-0.33867568273123544,0.3215613731393264,-0.023800598621451747
0.4350000000000003,-2.0055427712842864,10.757828035802216,-0.002089684103541487,-0.016898720884065205,-0.3416562293946679,0.18191793584280969,-0.024396004157117686
0.4400000000000003,-3.1038021060102787,10.764435085863214,-0.0037928328076362017,-0.01584075706799887,-0.3436706669137091,0.21159276321326692,-0.02499179221715884
0.4450000000000003,-2.2530563234810987,10.770085758179928,-0.005507784566487573,-0.014884747373746359,-0.3463521610908597,0.1912019388505024,-0.0255576676925705
0.4500000000000003,-2.57287373283544,10.774144647607985,-0.007231663395798606,-0.013846891685694704,-0.3485044149910645,0.2075711376103309,-0.026102483082367494
0.4550000000000003,-2.464079491864694,10.777601961027573,-0.008964605525354769,-0.012797889096685385,-0.3505777734000766,0.2098005178018638,-0.026622857713727244
0.4600000000000003,1.2260941285846854,10.665224989628452,-0.010673141763957488,-0.011710223295114456,-0.34590867182091095,0.21753316031418585,-0.026918995294012527
0.4650000000000003,-6.643009001148145,10.643619453710748,-0.012375619797730957,-0.009851171175093707,-0.3453515780032425,0.3718104240041497,-0.02737849381139093
0.4700000000000003,-1.927276020493478,10.644541396342248,-0.014091104061174375,-0.008853797481840165,-0.3472732172048755,0.19947473865070847,-0.027810800106510623
0.4750000000000003,50.02430230967557,9.430804445100517,-0.016251565391604206,-0.008000009791131633,-0.43516866076516486,0.17075753814170638,-0.025984726168503676
0.4800000000000003,-73.95053277510182,9.652625822212057,-0.018214751237107012,0.003629178092204517,-0.40277371957481106,2.32583757666723,-0.02709766525354279
0.4850000000000003,28.68050785599384,9.638222857883761,-0.020334038763775476,0.0002536440108371952,-0.4214876075263773,-0.6751068162734644,-0.027109708908091504
0.4900000000000003,4.081042546438964,9.177176804270843,-0.02252860113998446,0.0037025909107065093,-0.44254025941322056,0.6897893799738628,-0.026623048697676725
0.49500000000000033,-20.756460347485657,9.164332557162828,-0.024631635526957043,0.008305235179793998,-0.4231985756431166,0.9205288538174979,-0.026910827259514023
0.5000000000000003,3.252288378084546,9.135877635911594,-0.026746388018372536,0.00911190899170123,-0.4230604865799915,0.16133476238144628,-0.026999993956233554
0.5050000000000003,-6.125698977590137,9.12526227515458,-0.02882242841914312,0.011212597134872581,-0.4159530282335497,0.4201376286342703,-0.027169922026347652
0.5100000000000003,-1.1463305814010187,9.124759047517395,-0.030893923047954883,0.012492171696860127,-0.4143637360968933,0.2559149123975091,-0.027289752618485326
0.5150000000000003,-2.9249964405951934,9.127621789854729,-0.03294270463646816,0.014025017226314112,-0.40979207851437477,0.3065691058907971,-0.027403347400775626
0.5200000000000004,-1.8254006467845518,9.13088814304468,-0.03497327329484241,0.015392963005005575,-0.4060271705648226,0.2735891557382925,-0.027482679758249945
0.5250000000000004,-2.168878604387685,9.134023254994926,-0.03697981406990666,0.016817602726137467,-0.40123532632067244,0.2849279442263784,-0.027538453596623696
0.5300000000000004,-0.004460535080416106,9.067588591177952,-0.038865350779100846,0.018260763345777614,-0.3771070079792922,0.2886321239280294,-0.027437524995231968
0.5350000000000004,-4.28842606020493,9.04704435687634,-0.04071361471408748,0.020058764174162032,-0.36975457534887723,0.3596001656768835,-0.02741376155567036
0.5400000000000004,-1.7854338402458512,9.047929300002046,-0.04253339718670558,0.021304499069101073,-0.36433872945685614,0.24914697898780827,-0.027384141113979972
0.5450000000000004,-43.15616047808766,10.288401763946435,-0.044080060414109064,0.02180505179662079,-0.3110528395755819,0.10011054550394319,-0.02941918442197339
0.5500000000000004,54.189275899925654,10.43942240012992,-0.04573818934207058,0.01387259256078971,-0.33465890224593176,-1.586491847166216,-0.029016063305041452
0.5550000000000004,-13.68216290650073,10.440304380663594,-0.04732084977851753,0.017612074765743238,-0.3171059214729843,0.7478964409907057,-0.02886611772538564
0.5600000000000004,7.23829615921709,10.421152959479377,-0.04890718824053002,0.01840464855504033,-0.31816975294632394,0.15851475785941815,-0.028437616954890357
0.5650000000000004,-4.1785189400029115,10.331630569798332,-0.050304357021273054,0.021094802385627463,-0.2798362813182245,0.5380307661174268,-0.027987791611337225
0.5700000000000004,-2.359108043654368,10.308359808662978,-0.051656837139302254,0.023064060037539594,-0.2707183725357323,0.3938515303824261,-0.027590547977119934
0.5750000000000004,-2.0236071175724786,10.309056416404582,-0.052964241983616066,0.02476373810636523,-0.2614677052678171,0.33993561376512715,-0.027207213524589026
0.5800000000000004,-1.114845761800038,10.315712163322376,-0.054232165553349455,0.02624150035789352,-0.2533131223832838,0.29555245030565835,-0.02680272266891625
0.5850000000000004,-1.0080125797970338,10.321177334109693,-0.05546078624746351,0.027671705787360407,-0.2451763236864909,0.2860410858933772,-0.026372546709493298
0.5900000000000004,34.26490348585256,9.303914703945717,-0.05676974593654874,0.02875211740348153,-0.26150962378976633,0.21608232322422455,-0.024487870305331765
0.5950000000000004,-50.060151448375755,9.475906742224025,-0.05793049043545369,0.03686222531945223,-0.2321630806487237,1.6220215831941394,-0.024633407366075943
0.6000000000000004,-8.601777253549072,10.471882048975209,-0.0589439678178745,0.0346906612055089,-0.20303238262236478,-0.43431282278866556,-0.025324179770544176
0.6050000000000004,63.825999864210345,9.268232167751183,-0.059845479995756574,0.031084003900961315,-0.18067029335792784,-0.7213314609095168,-0.023069557388625313
0.6100000000000004,-75.71504176704157,10.534423677307315,-0.05993802366527134,0.0385758133636026,-0.018866829789254563,1.498361892528257,-0.024269587281373645
0.6150000000000004,97.43471685093651,9.390801455810761,-0.06038658589494528,0.02952524343518467,-0.09064213858628305,-1.8101139856835862,-0.0216801857402069
0.6200000000000004,-87.84485183783089,10.632354398971206,-0.06019244928108167,0.03980109882089261,0.03855252968458778,2.0551710771415883,-0.022661103459150535
0.6250000000000004,106.31268628019215,9.05273708376829,-0.06041718782591182,0.030600533814819388,-0.04603456571216389,-1.8401130012146445,-0.019626185546452672
0.6300000000000004,-101.73883928075463,10.684372313099002,-0.06003614581222977,0.04259884597374549,0.07576305948804174,2.39966243178522,-0.020761442344078226
0.6350000000000005,105.11595752736764,9.21743046288148,-0.0598616836729908,0.03236599640955432,0.03344896695087306,-2.0465699128382338,-0.017898175639764966
0.6400000000000005,-91.02563803665076,10.762313021728065,-0.059287470152670135,0.043714173404373564,0.11430787633037039,2.2696353989638482,-0.01858920914996674
0.6450000000000005,92.44609334189443,9.1474799807729,-0.0589597107640266,0.03491280469771385,0.06403569727205692,-1.7602737413319427,-0.015889141020727787
0.6500000000000005,-79.61466156826424,10.758827243836619,-0.058305760651033774,0.04513985719215783,0.13010888554508312,2.045410498888796,-0.01625232700038785
0.6550000000000005,75.81288086738302,9.260864752551194,-0.05781369184405439,0.03766261169115969,0.0970781509824871,-1.4954491001996277,-0.013917262146910525
0.6600000000000005,-60.85799902615035,10.742690048304675,-0.057108455901538624,0.0459584998608602,0.1404672917264251,1.6591776339401023,-0.013811001483160888
0.6650000000000005,57.61403130543075,9.059550492306801,-0.05652282206707973,0.040404695091638534,0.1160954943640341,-1.1107609538443335,-0.011788325311909372
0.6700000000000005,-48.0483779224671,10.742764866158357,-0.055667362370841536,0.047053790339010554,0.17035163821156787,1.3298190494744038,-0.011408115050880307
0.6750000000000005,41.3386729001508,9.220722576279833,-0.054819239849708025,0.04262585906234442,0.16849462534021045,-0.8855862553332261,-0.009761759468567048
0.6800000000000005,-28.36121682284515,10.76968822911799,-0.05393508699446819,0.047057812293991017,0.17602672801366492,0.8863906463293186,-0.008961095828016444
0.6850000000000005,22.0743366738273,9.07610422821289,-0.05302007859881969,0.04449936693747222,0.1819940708361592,-0.5116890713037586,-0.0077082248989279335
0.6900000000000005,-10.311399620935093,10.75052769180898,-0.0521407264850217,0.046784405864999615,0.17487627566949807,0.45700778550547827,-0.006566336084555606
0.6950000000000005,4.286552038248308,9.261652677971295,-0.05114787598660814,0.04601156831816905,0.19778667395825364,-0.15456750936611308,-0.005660899797820777
0.7000000000000005,5.83479505013233,10.729306204362368,-0.050229331835376916,0.046372556604248855,0.18303868302198256,0.07219765721596105,-0.004204946912552349
0.7050000000000005,-14.567518488624794,9.047850307323682,-0.04907526613575619,0.04710911993236217,0.23022428465019018,0.14731266562266337,-0.0037445183838997636
0.7100000000000005,23.910193360793745,10.695967669786112,-0.04811840834706472,0.045266699311954775,0.19025510192642367,-0.3684841240814793,-0.0019632416697499223
0.7150000000000005,-29.415215861576854,9.266544190648201,-0.046919649947221,0.047708494711684174,0.23911119232026717,0.4883590799458798,-0.0017562331045225506
0.7200000000000005,36.868355600803525,10.763148287507779,-0.04590555929720804,0.044257063470045176,0.20179049879396,-0.6902862483277996,0.0002547573588085961
0.7250000000000005,-45.78991580920152,9.0700020787183,-0.04466780890479014,0.047770803999054395,0.24709043272955095,0.7027481058018439,-2.2560560899173056e-05
0.7300000000000005,56.174561983562974,10.735511687085332,-0.043715866261447106,0.04212371987707859,0.18921860135190546,-1.1294168243951617,0.0023332045249862413
0.7350000000000005,-60.44981511123704,9.248166971395,-0.042477377599236275,0.04759804793773273,0.24743349564793282,1.0948656121308284,0.0018506441029778474
0.7400000000000005,63.23322440620971,10.645455484511473,-0.0415288681326505,0.040750788548134985,0.18889980918397042,-1.3694518779195488,0.004221142181659332
0.7450000000000006,-70.37533560255592,9.055854329484607,-0.04025843653929022,0.04658045080142118,0.2539468439436457,1.1659324506572393,0.0033617040363798983
0.7500000000000006,75.65364843928673,10.520486650710842,-0.0393715734514956,0.038265606333105044,0.17643180085235596,-1.6629688936632274,0.0059135255725963455
0.7550000000000006,-77.3562478624555,9.179677416733801,-0.038127007042685006,0.04532240290404105,0.2488692533980153,1.4113593141872007,0.005003133994884013
0.7600000000000006,80.00113264417621,10.55656192064383,-0.03717767646494809,0.03646557650914292,0.1891174743303877,-1.7713652789796253,0.007617256841455332
0.7650000000000006,-86.68815907094192,9.067328763612528,-0.03590935543675647,0.0438761498414966,0.2536822800540443,1.4821146664707352,0.006349064716191344
0.7700000000000006,92.44867451114095,10.394208687733537,-0.03506460987837366,0.0336582193059667,0.16817024300810476,-2.0435861071059795,0.008985167834400192
0.7750000000000006,-95.26242685562033,9.04887111483603,-0.03385068903231009,0.042433296678286,0.24294008182038948,1.75501547446386,0.007616100388253588
0.7800000000000006,102.77081604923826,10.62767121909016,-0.032914612964011276,0.03133453087578347,0.18651931206148115,-2.219753160500505,0.010700338356249067
0.7850000000000006,-113.03743539127319,8.985149546108318,-0.03169056080434225,0.041324338832295616,0.24494529255185155,1.9979615913024287,0.008793963126551627
0.7900000000000006,111.05546111682398,10.269177806741705,-0.031075443227920354,0.028550912507444147,0.12233813252660262,-2.554685264970294,0.011539351461753623
0.7950000000000006,-110.16920323200422,8.975491368565464,-0.029949245170006553,0.03905238333217666,0.22560978614333282,2.100294164946502,0.009829458338848743
0.8000000000000006,116.39406070026999,10.550686734694935,-0.02907154723678806,0.02621612562441162,0.17484844076051836,-2.5672515415530075,0.013039636153407683
0.8050000000000006,-125.22757288748004,8.933962850311103,-0.027924031429078167,0.037496948738712885,0.22975742169050253,2.256164622860253,0.010809627934203415
0.8100000000000006,123.20163248948884,10.248127978188055,-0.027391449129712243,0.02326525364962273,0.105862592319471,-2.846339017818031,0.013668315181186231
0.8150000000000006,-121.4536945349107,8.930751405426324,-0.026349473654304484,0.0349887701360549,0.2088832169107285,2.3447032972864337,0.011654756781565828
0.8200000000000006,123.21185848502931,10.341135589386587,-0.025679073832355983,0.021214337845241016,0.1333772742244552,-2.7548864581627766,0.014636383265452241
0.8250000000000006,-126.98999253347182,8.909394183504789,-0.024661803189785933,0.03320174202209124,0.20395002551436217,2.3974808353700445,0.01240043305119239
0.8300000000000006,129.09579402426633,10.344765910468748,-0.024067311708598833,0.01874972924487059,0.11825539479010416,-2.8904025554441297,0.015436017131676236
0.8350000000000006,-131.25705207436363,8.907648367081482,-0.023096718487895664,0.03131602356696006,0.19457580767815008,2.513258864417894,0.013104489053002278
0.8400000000000006,127.79040350732795,10.251239293251267,-0.022614454771403735,0.016729791241213376,0.09591563482207371,-2.917246465149337,0.01597930922161353
0.8450000000000006,-129.18283972873127,8.837329999153814,-0.021684457255156345,0.028975890342275178,0.1865091240033978,2.44921982021236,0.013622804605515912
0.8500000000000006,128.5629003254095,10.220061501134134,-0.021205622559127463,0.014409658853601945,0.09519952443415716,-2.9132462977346463,0.01650319353007321
0.8550000000000006,-126.58229965504837,8.898598178014923,-0.02034162302418961,0.026751926438401213,0.17332876651697474,2.468453516959854,0.014240536439103533
0.8600000000000007,122.29857419715235,10.158047293523877,-0.019880727209511912,0.01261423179461729,0.09169546107155471,-2.8275389287567845,0.016892188203842615
0.8650000000000007,-121.40324378563106,8.823881278930267,-0.01903439628154125,0.024104688578208806,0.1698099486946594,2.2980913567183032,0.014621503799491587
0.8700000000000007,120.97409383925944,10.142532065590535,-0.018600755772460398,0.010416499011614812,0.08624129515788627,-2.7376379133187987,0.017281287078308238
0.8750000000000007,-120.8782060066963,8.83002367702138,-0.017817435694935137,0.022053249241535823,0.15725024804794246,2.3273500459842023,0.015024645896113745
0.8800000000000007,120.80072644586642,10.17613695859663,-0.017398636080504563,0.008506922199545559,0.08333379356090395,-2.709265408398053,0.017678306094919542
0.8850000000000007,-121.92915000604451,8.824264794034494,-0.016666726372090365,0.020271444212470464,0.14685662725609308,2.352904402584981,0.015365529997746364
0.8900000000000007,118.15068167217723,10.101761056901925,-0.016357129304346033,0.006807654153991734,0.0615940137969252,-2.692758011695746,0.01785440335922781
0.8950000000000007,-119.46932464153393,8.746085090293965,-0.015677970032038357,0.018264809624457708,0.13630707028755823,2.291431094093195,0.015538899442414541
0.9000000000000007,115.92605317373186,9.990859580553941,-0.015423520351412208,0.0048582152572475105,0.05052345867119475,-2.6813188734420392,0.01788871680395835
0.9050000000000007,-111.81993657538453,8.785285611075317,-0.014827257421729429,0.015981000341900326,0.11987463037653678,2.224557016930563,0.015790378143169328
0.9100000000000007,109.34697988110788,10.045489708225604,-0.014536981873054723,0.003594828780414467,0.05772252331613881,-2.477234312297172,0.018070194844928066
0.9150000000000007,-111.15741156650765,8.729650137646734,-0.013975417586110076,0.014340841109011869,0.11288952338808265,2.14920246571948,0.015879784012673443
0.9200000000000007,111.68613469621634,10.071767807824944,-0.013748283019289625,0.001853443989342068,0.045127120957749574,-2.49747942393396,0.018203221496639964
0.9250000000000007,-113.14297166934487,8.722144212238941,-0.013254900775267014,0.013016157245831505,0.09916489464789702,2.232542651297887,0.01598514348229347
0.9300000000000007,109.25281469566308,10.015659168597036,-0.013136020595271565,0.000634401316318747,0.023538520125428498,-2.4763511859025513,0.018168061805844304
0.9350000000000007,-109.7558782598892,8.66703271773731,-0.01271355920224286,0.011485847041140852,0.0849485223634048,2.170289144964421,0.015990331660584705
0.9400000000000007,105.56392031857946,9.959310390045943,-0.012668443995593812,-0.0004634576780627054,0.008801169027578711,-2.3898609438407115,0.01806635912400369
0.9450000000000007,-106.3069492150016,8.606639289459725,-0.012309303200025837,0.010058715985949299,0.07237851627370502,2.104434732802401,0.015931243523353983
0.9500000000000007,105.97702469325758,10.01399715372378,-0.012260997437667284,-0.0016954402435948607,0.009425656028147142,-2.350831245908832,0.018059157832998732
0.9550000000000007,-107.25357988115928,8.591882513381911,-0.011962834732219861,0.009008717105766713,0.060170589427833446,2.1408314698723148,0.01589347362572601
0.9600000000000007,105.00739957917102,10.00832762089214,-0.011980971506086712,-0.00269703965019678,-0.00384470097339165,-2.3411513511926985,0.01795270356178392
0.9650000000000007,-102.08374494641615,8.677260824079415,-0.011746636787185903,0.0078413893779806,0.047243622585221565,2.107685805635476,0.015950915389178706
0.9700000000000008,90.44043592493072,9.766880980120016,-0.01184212193806775,-0.002879538800882561,-0.019256202509770327,-2.144185635772632,0.01752780498245131
0.9750000000000008,-84.22657577496288,8.614397979076788,-0.011633387528898824,0.005699434299509422,0.04226212673573185,1.7157946200783967,0.01583871470543688
0.9800000000000008,83.34855192342945,9.864069615961848,-0.011587520764874916,-0.0035776780075464504,0.009016833252557975,-1.8554224614111745,0.017467045456078908
0.9850000000000008,-81.70492880188102,8.636744048508683,-0.01140596320833384,0.004711967262926983,0.03676352717752224,1.6579290540946867,0.01580330027404414
0.9900000000000008,79.08974440599332,9.848753045872018,-0.011427092390673724,-0.004080835189966813,-0.004356318273978828,-1.758560490578759,0.017321233865844513
0.9950000000000008,-78.12285001342251,8.603412088830686,-0.011279974102617656,0.0038640584139703546,0.02979720754514693,1.5889787207874335,0.01571805232447929
1.0000000000000007,-78.12285001342251,9.801740798176567,-0.011336496752864014,-0.004591820047116054,-0.011416316692862204,-1.6911756922172816,0.01571805232447929
1.0050000000000006,135.46499108827487,8.572751175618768,-0.010408477465828434,-0.027153305671374982,0.18538643664266208,-4.512297124851786,0.017034584571043364
1.0100000000000005,135.46499108827487,9.757142374890014,-0.009449422208204605,-0.021902138559933712,0.1923267688131521,1.0502334222882541,0.017034584571043364
1.0150000000000003,-192.35493636193036,8.543689005590506,-0.010176645027249572,0.008234025896216933,-0.1446052138440187,6.0272328912301285,0.01366798194079098
1.0200000000000002,-192.35493636193036,9.821074153296395,-0.010693651316979143,-0.002427558680634158,-0.10378877295045578,-2.132316915370218,0.01366798194079098
1.0250000000000001,285.12615709429986,8.532040660454632,-0.009115409774482774,-0.04847756386657563,0.31498399151219675,-9.210001037188295,0.017205389250401715
1.03,285.12615709429986,9.801989156938408,-0.007732245401653082,-0.0346413245464932,0.2773830178432167,2.7672478640164866,0.017205389250401715
1.035,-422.27195433526515,8.490427783580204,-0.009640825053070744,0.03181287223836807,-0.3806318015104008,13.290839356972253,0.010654804012599179
1.0399999999999998,-422.27195433526515,9.77581194028422,-0.011395231100396721,0.009442528672080858,-0.3516093375461628,-4.4740687132574415,0.010654804012599179
1.0449999999999997,625.6684406807317,8.461683986499024,-0.008354327970856817,-0.09050595929283078,0.6068276557273925,-19.989697592982328,0.01873876834575436
1.0499999999999996,625.6684406807317,9.759231662880662,-0.005590624244141292,-0.059023048324922424,0.5543149844833314,6.296582193581672,0.01873876834575436
1.0549999999999995,-924.8258283868614,8.426531440927175,-0.01001596880101571,0.08754953833388082,-0.8823342637375904,29.314517331760648,0.005173484754473103
1.0599999999999994,-924.8258283868614,9.808265273806903,-0.014178369271502551,0.039921905747788665,-0.8348872633918375,-9.525526517218431,0.005173484754473103
1.0649999999999993,1000,8.381271683372566,-0.007513899861319096,-0.17677899158579616,1.3278328031219182,-43.34017946671697,0.023096815876009195
1.0699999999999992,1000,9.756889037599631,-0.007908909106338456,-0.16400860525683414,-0.07437364693185156,2.5540772657924036,0.023096815876009195
1.074999999999999,-1000,8.329658152352886,-0.016438269488659413,0.03678780641821083,-1.6980887334183425,40.159282335008996,-0.0016336721177938572
1.079999999999999,-1000,9.891110908358323,-0.01869504911373356,0.008742413868977918,-0.4536846950349817,-5.609078509846583,-0.0016336721177938572
1.0849999999999989,1000,8.469393670359654,-0.01337451928459685,-0.20518941869190246,1.060694801511513,-42.78636651217607,0.014957149371507081
1.0899999999999987,1000,9.514216317406449,-0.014452112669884113,-0.18888687647510016,-0.21176528412024745,3.26050844336046,0.014957149371507081
1.0949999999999986,-1000,8.36009676620106,-0.023529574819749325,0.014727296113680372,-1.8083496847588556,40.722834517756105,-0.01014112969369595
1.0999999999999985,-1000,9.759840953630706,-0.026753628445157693,-0.008768893928141324,-0.6467796953754164,-4.699238008364339,-0.01014112969369595
1.1049999999999984,1000,8.44841385605946,-0.022186536583243873,-0.2175826683561428,0.909916369844096,-41.762754885600295,0.005501348362033778
1.1099999999999983,1000,9.451241948570331,-0.023741002559253155,-0.1974442855348773,-0.30690812154530817,4.027676564253096,0.005501348362033778
1.1149999999999982,-1000,8.289368674407534,-0.033451786629376284,0.010200741248766326,-1.9346656331759138,41.529005356728725,-0.01963658694940715
1.119999999999998,-1000,9.62877567599457,-0.03724906008400912,-0.009752988992639829,-0.7617632696295686,-3.9907460482812307,-0.01963658694940715
1.124999999999998,1000,8.421476716984692,-0.03327960467343568,-0.21562997609021073,0.7887965426098512,-41.175397419514184,-0.004536915899890817
1.129999999999998,1000,9.543493844512053,-0.03544928925964397,-0.19298929667880452,-0.4294858012226959,4.5281358822812425,-0.004536915899890817
1.1349999999999978,-1000,8.280200966668366,-0.04585984239650107,0.0179895743632493,-2.0764132904651427,42.19577420841076,-0.029566871072051117
1.1399999999999977,-1000,9.548244937948292,-0.050066208258770825,-0.0007529894679706613,-0.8429474645091354,-3.748512766243992,-0.029566871072051117
1.1449999999999976,1000,8.312630849474791,-0.046581261682306196,-0.20639695594308544,0.6922175121280493,-41.12879329502295,-0.014044843194540892
1.1499999999999975,1000,9.52271946317629,-0.04918073853390297,-0.18303645799517831,-0.5156330798978915,4.672099589581424,-0.014044843194540892
1.1549999999999974,-801.2984350562618,8.483179543661295,-0.049201881316241515,-0.05012461495104778,-0.00416085984730733,26.582368608826105,-0.023797682476251393
1.1599999999999973,-801.2984350562618,8.82427068738977,-0.05274286434657418,-0.04949264464333235,-0.7103383698559059,0.1263940615430864,-0.023797682476251393
1.1649999999999971,529.7881303149861,8.546092892976468,-0.05889153959760602,-0.13595571865651288,-1.2273205626621155,-17.292614802636106,-0.023793291092441663
1.169999999999997,529.7881303149861,9.536493963591363,-0.05832436561150602,-0.12489892730292994,0.11715425527566235,2.2113582707165875,-0.023793291092441663
1.174999999999997,-704.2416870313128,8.043190196152619,-0.0672716039267501,-0.01744282403693667,-1.7856439944644809,21.491220653198653,-0.04085268380255355
1.1799999999999968,-704.2416870313128,9.385556702510184,-0.07445498139009749,-0.06220941390146091,-1.437519130710477,-8.953317972904848,-0.04085268380255355
1.1849999999999967,1000,8.33756309134861,-0.07493926139653145,-0.23506969837878455,-0.0989928218345205,-34.57205689546473,-0.03505051728662602
1.1899999999999966,1000,9.422217462132663,-0.07637586234837185,-0.19549427924975216,-0.28471194219954876,7.915083825806479,-0.03505051728662602
1.1949999999999965,-1000,8.118900106074083,-0.08938503742418183,0.02935636311808859,-2.6021887832579953,44.970128473568145,-0.060338907719975826
1.1999999999999964,-1000,8.586323456769128,-0.10261619714918362,0.04668359290490008,-2.6463588704885375,3.465445957362298,-0.060338907719975826
1.2049999999999963,856.7323331922563,10.029716207855769,-0.12424421247755288,-0.10573267829677156,-4.328294026951592,-30.48325424033433,-0.06969819158047799
1.2099999999999962,856.7323331922563,9.433666188472424,-0.14416421691348594,-0.07118683961329186,-3.98705092182811,6.90916773669594,-0.06969819158047799
1.214999999999996,-1000,8.275294918247454,-0.1595978437670098,0.13575181580503975,-3.105189632518769,41.387731083666324,-0.0832656905545151
1.219999999999996,-1000,8.686255801249116,-0.17681021926717969,0.13660625803468787,-3.444047787704762,0.17088844592962338,-0.0832656905545151
1.2249999999999959,1000,9.04076530585774,-0.19589802768920983,-0.0528223325702078,-3.8137343576117324,-37.885718120979135,-0.08528133861672714
1.2299999999999958,1000,8.465650417992302,-0.21357084916703664,-0.028225167331185894,-3.5342364375203954,4.919433047804381,-0.08528133861672714
1.2349999999999957,-1000,8.315147600076768,-0.22942441444639425,0.19432945462211193,-3.175715066448682,44.51092439065957,-0.10371719503198393
1.2399999999999956,-1000,8.528268350027247,-0.24655782152668557,0.2102284565780427,-3.4273013715232716,3.1798003911861548,-0.10371719503198393
1.2449999999999954,1000,8.78315172901255,-0.2653385715386904,0.03539250070037342,-3.7599759435936275,-34.967191175533856,-0.10344064236541328
1.2499999999999953,1000,8.339024961306796,-0.2824722048319059,0.07405259928958614,-3.4188772751281418,7.732019717842545,-0.10344064236541328
1.2549999999999952,-1000,8.359882447422343,-0.2977099256031837,0.3107225806205628,-3.0379903176218,47.333996266195335,-0.1225015206365141
1.2599999999999951,-1000,8.40534396291615,-0.31410562018322385,0.3399628045170141,-3.278969700867819,5.848044779290262,-0.1225015206365141
1.264999999999995,968.6852563805563,8.494428793427916,-0.33210258825369127,0.17798494348156554,-3.610328781987852,-32.395572207089714,-0.1182545628652256
1.269999999999995,968.6852563805563,8.246776794467612,-0.3481144125120806,0.22248575015597805,-3.1883688125656136,8.900161334882501,-0.1182545628652256
1.2749999999999948,-1000,8.45077324190103,-0.3621783524153384,0.4582802019148796,-2.7896073807561845,47.158890351780315,-0.13861110234183613
1.2799999999999947,-1000,8.274362865360619,-0.3776352076695813,0.48633888679536436,-3.091254976471067,5.611736976096948,-0.13861110234183613
1.2849999999999946,1000,8.226594247047272,-0.39496895458674486,0.32347949577409085,-3.4877256254754108,-32.5718782042547,-0.12753631567565168
1.2899999999999945,1000,8.162434607401853,-0.4097512765686426,0.3722252592705561,-2.9353315236537507,9.74915269929305,-0.12753631567565168
1.2949999999999944,-1000,8.56577701801648,-0.42232347236144063,0.6167394101717429,-2.4731102581756557,48.902830180237366,-0.15121256366734362
1.2999999999999943,-1000,8.129577915711867,-0.4388048802752649,0.5377886048630608,-3.3159749079235126,-15.790161061736429,-0.15121256366734362
1.3049999999999942,1000,8.301226472282085,-0.45727924287354654,0.2731197701552377,-3.7700218594172474,-52.93376694156462,-0.1283575788194035
1.309999999999994,1000,8.15043839072841,-0.47381311467783394,0.2193615960436339,-3.309473003078681,-10.75163482232076,-0.1283575788194035
1.314999999999994,-953.916705452958,9.776992990125175,-0.47613835363396695,0.3455801419860508,-0.4720900843356023,25.243709188483383,-0.14736912650432316
1.3199999999999938,-953.916705452958,10.273806124969214,-0.481704653173599,0.27675211673513844,-1.2199735744714002,-13.765605050182472,-0.14736912650432316
1.3249999999999937,1000,11.463165327882868,-0.5021798855515508,0.07083410307985152,-4.213133288913456,-41.183602731057384,-0.1289632334212225
1.3299999999999936,1000,11.15886170098255,-0.5219619929630875,0.08593480149385588,-3.9732642896015262,3.020139682800871,-0.1289632334212225
1.3349999999999935,-1000,11.02777372200457,-0.5390985274522703,0.2990309960807669,-3.4203612056870987,42.6192389173822,-0.12474201230187143
1.3399999999999934,-1000,11.057598178646343,-0.5561519966769298,0.30283038130420126,-3.393321186909554,0.7598770446868741,-0.12474201230187143
1.3449999999999933,1000,11.203244798605901,-0.5761808868605305,0.11908094456921758,-3.957014928364097,-36.749887346996736,-0.09213226224068508
1.3499999999999932,1000,10.994973096901338,-0.5955647387657086,0.15359982660112562,-3.864381474571721,6.903776406381606,-0.09213226224068508
1.354999999999993,-1000,11.023763040864896,-0.6115266399406317,0.38626191464619364,-3.236976092038557,46.532417609013606,-0.08981605395404071
1.359999999999993,-1000,10.942900876920513,-0.6278998445872922,0.41093087021208696,-3.1788522423835532,4.933791113178665,-0.08981605395404071
1.3649999999999929,1000,8.040800441660496,-0.63561048751063,0.2503629633320511,-1.4718538909687853,-32.11358137600717,-0.04545227462587148
1.3699999999999928,1000,7.878101579490404,-0.645800029870554,0.29643819981256175,-2.1023419015630718,9.21504729610213,-0.04545227462587148
1.3749999999999927,-1000,7.285841318723639,-0.6620587172095254,0.5279538480161878,-3.385573931711906,46.30312964072522,-0.050192675838120024
1.3799999999999926,-1000,7.315659193416848,-0.6803134705231143,0.5109555402174205,-3.6302242983551163,-3.399661559753464,-0.050192675838120024
1.3849999999999925,1000,7.6134176187239335,-0.7010675377337506,0.30501477595708315,-4.111258794382562,-41.188152852067475,-0.04100847826739075
1.3899999999999924,1000,7.175365786113748,-0.7194495555044517,0.3120934067151578,-3.681276896992557,1.4157261516149267,-0.04100847826739075
1.3949999999999922,-1000,7.186190050452602,-0.73554568894925,0.5161241248054598,-3.2243037407050767,40.806143618060396,-0.043195671626921756
1.3999999999999921,-1000,7.258441810821378,-0.7531759559958172,0.5072877683300159,-3.5276120894100624,-1.7672712950887792,-0.043195671626921756
1.404999999999992,1000,7.64810736147983,-0.7729037879571319,0.30686040084876853,-3.985096675563364,-40.08547349624947,-0.03621831497036204
1.409999999999992,1000,7.204313825916537,-0.7906271438974791,0.31889801041452415,-3.511410567304146,2.4075219131511227,-0.03621831497036204
1.4149999999999918,-1000,10.582149207834648,-0.7998800231834327,0.5267876251172157,-1.8757428461893735,41.5779229405383,-0.05649023143383776
1.4199999999999917,-1000,11.49795940497781,-0.8044759416871816,0.5110936474999073,-1.0903477471333252,-3.1387955234616793,-0.05649023143383776
1.4249999999999916,1000,11.894110870194723,-0.8047817887774459,0.33261743181240755,-0.3269301184719615,-35.69524313749994,0.005243165158463882
1.4299999999999915,1000,14.440286345182422,-0.8038529370576873,0.38747899530056884,-0.012802445391584677,10.972312697632258,0.005243165158463882
1.4349999999999914,-1000,16.696340046961822,-0.7921517554820403,0.642387417139713,2.2733685469113456,50.98168436782884,0.034812795872274344
1.4399999999999913,-1000,8.893119432329648,-0.7909670576516059,0.5467322092776266,0.21644316056723295,-19.131041572417296,0.034812795872274344
1.4449999999999912,1000,9.509335317561234,-0.7920753557671542,0.27523515103124624,-0.3277651500675499,-54.29941164927606,0.12844403527622605
1.449999999999991,1000,8.915762364885218,-0.794093110449706,0.2268096162862989,-0.4477853189762849,-9.68510694898947,0.12844403527622605
1.454999999999991,-629.0061165045852,8.236962313150622,-0.7998196274945114,0.3551982854610529,-1.1527443594907727,25.677733834950804,0.13691687714668752
1.4599999999999909,-629.0061165045852,8.175421913415144,-0.8024968831559443,0.35457155334137036,-0.5891317231898213,-0.12534642393651207,0.13691687714668752
1.4649999999999908,964.3954630263469,9.061272375881076,-0.8058245552775388,0.25238392247016567,-0.7614699902400628,-20.43752617424094,0.18027271190356114
1.4699999999999906,964.3954630263469,8.2158822813311,-0.808694785787668,0.34279183960563564,-0.6023445458875598,18.081583427093996,0.18027271190356114
1.4749999999999905,-1000,8.002437254642071,-0.8162683915494773,0.6004887729582635,-1.5201455524728222,51.53938667052557,0.1848501640276439
1.4799999999999904,-1000,9.301012163982472,-0.8229297582320395,0.5353248934451627,-1.4168165709444436,-13.032775902620175,0.1848501640276439
1.4849999999999903,1000,9.376123921021103,-0.8267761390316275,0.3179048537596814,-0.9419474877005309,-43.484007937096244,0.2650598495373539
1.4899999999999902,1000,11.001110446643171,-0.8298349687087367,0.3310094427443399,-0.7701029051761186,2.620917796931699,0.2650598495373539
1.4949999999999901,-270.38479510323896,11.28921860684085,-0.8306705802016213,0.539753798453091,-0.22495772523108187,41.74887114175022,0.36490390893400937
1.49999999999999,-270.38479510323896,10.784476571243122,-0.8308402794519509,0.5167549696189863,-0.0592898815224316,-4.599765766820951,0.36490390893400937
1.50499999999999,851.7201966588136,10.69688845095966,-0.8324890958913318,0.4492672567970222,-0.34890141212829734,-13.497542564392816,0.4290730638486659
1.5099999999999898,851.7201966588136,10.917191877553114,-0.8326801869128937,0.5584574242783027,-0.022040724001394618,21.838033496256102,0.4290730638486659
1.5149999999999897,690.8268129806369,10.700380945087705,-0.8335480667117282,0.5235231204035725,-0.11240213119583171,-6.986860774946035,0.4970931134139681
1.5199999999999896,690.8268129806369,10.80189307771697,-0.8346747418631006,0.5116811473982049,-0.15866407108707503,-2.36839460107352,0.4970931134139681
1.5249999999999895,626.7894294096361,10.867413354482856,-0.8360345309330767,0.5081798357260496,-0.1842196108962798,-0.7002623344310566,0.5742684656380049
1.5299999999999894,626.7894294096361,10.922300260909907,-0.8375141629127205,0.5070734031544225,-0.1873617162455376,-0.221286514325425,0.5742684656380049
1.5349999999999893,598.7529303856862,10.971405416469599,-0.8391068175567875,0.5067539973722333,-0.18952695251490712,-0.06388115643785053,0.6499628781724237
1.5399999999999892,598.7529303856862,11.015691857324478,-0.8408055044059536,0.5066214661525182,-0.1904979062099072,-0.02650624394300305,0.6499628781724237
1.544999999999989,593.306843183061,11.057121146663974,-0.8426043127889782,0.5065830234592829,-0.19063740109751304,-0.007688538647077081,0.7249996615804835
1.549999999999989,593.306843183061,11.096564746119467,-0.8445006736931545,0.5065641719551814,-0.19065552237173386,-0.003770300820282735,0.7249996615804835
1.5549999999999888,589.5152586507796,11.134371396911988,-0.8464921737152756,0.5065587092384581,-0.19063992721541378,-0.0010925433446606903,0.7994262394258668
1.5599999999999887,589.5152586507796,8.642682002433139,-0.8412108650059109,0.5065415756211326,1.1908112147279613,-0.0034267234651164102,0.7994262394258668
1.5649999999999886,-1000,7.067779229611408,-0.8326430712117567,0.5064835676727089,1.7874600101131013,-0.0116015896847399,0.6111387980118135
1.5699999999999885,-1000,7.1948292323356995,-0.8277539296338227,0.300676589853947,1.056276696657521,-41.161395563752365,0.6111387980118135
1.5749999999999884,1000,8.369824566801018,-0.8273048900336947,-0.09807819617574948,0.04786015711960248,-79.7509572059393,0.7328945765907585
1.5799999999999883,1000,9.886450103762973,-0.8513568931284032,-0.1821478562957182,-4.852807045851418,-16.813932023993743,0.7328945765907585
1.5849999999999882,132.6670401616871,8.841928584595241,-0.8720134286488399,-0.06620578822473916,-4.136894413621602,23.188413614195806,0.7853756227337184
1.589999999999988,132.6670401616871,8.774115600868864,-0.8920227404329217,0.07010974033939049,-4.002807483264262,27.26310571282593,0.7853756227337184
1.594999999999988,-770.8258735027124,8.589003459504754,-0.9101780142840308,0.23466252117059916,-3.6293451166377477,32.91055616624173,0.7876670198289512
1.5999999999999879,-770.8258735027124,9.038590168873913,-0.9287967723463685,0.24446179819296393,-3.689331651646059,1.9598554044729544,0.7876670198289512
1.6049999999999878,1000,9.484333847554446,-0.9490449618034402,0.10795060066295659,-3.999195237208504,-27.302239506001467,0.8757720388231611
1.6099999999999877,1000,8.614206831407799,-0.9672893618980183,0.18441439935257117,-3.634537770140099,15.292759737922918,0.8757720388231611
1.6149999999999876,-1000,8.397007931126112,-0.9825177377750555,0.45836311442385236,-3.0646430548435393,54.78974301425623,0.8234173383880923
1.6199999999999875,-1000,8.798816244251215,-0.9987178235400441,0.5241962979095491,-3.1564772017299956,13.166636697139355,0.8234173383880923
1.6249999999999873,1000,8.92970949630805,-1.0168787095877694,0.40104397389140317,-3.5133823648913496,-24.63046480362919,0.8880841708183393
1.6299999999999872,1000,8.431367034805945,-1.0317294436440931,0.4898295338960865,-2.927709538345812,17.75711200093667,0.8880841708183393
1.6349999999999871,-1000,8.695309986907962,-1.043117573777817,0.7724402358799776,-2.2715392402539254,56.522140396778205,0.8930208360760565
1.639999999999987,-1000,9.015952928470622,-1.0626884804683527,0.5870552686330512,-3.7180420775167873,-37.07699344938526,0.8930208360760565
1.644999999999987,1000,9.519734879492352,-1.084266801156367,0.22515952529319488,-4.164584192155358,-72.37914866797126,0.9858974044011861
1.6499999999999868,1000,9.130205512462712,-1.1042401347716364,0.0739117774885607,-3.922679135292709,-30.249549560926834,0.9858974044011861
1.6549999999999867,-433.66095052260624,8.682589713468282,-1.124448397062237,0.1205775732306485,-4.004100775227637,9.333159148417558,0.9577418771294715
1.6599999999999866,-433.66095052260624,9.14966216958282,-1.1463738526681269,0.07617151048796171,-4.326425704364769,-8.881212548537356,0.9577418771294715
1.6649999999999865,1000,9.423434751342446,-1.1693180333022877,-0.04808039605650759,-4.540056260789305,-24.85038130889386,1.0421308188798903
1.6699999999999864,1000,8.382135882800833,-1.1902706945357313,0.036679691312792376,-4.173101996133129,16.952017473859993,1.0421308188798903
1.6749999999999863,-1000,8.025841465856267,-1.2083101025317469,0.3186102965129227,-3.6067276820200216,56.38612104002607,0.9634114913545341
1.6799999999999862,-1000,8.591013140434253,-1.227063113060317,0.39359560423875195,-3.6775450564397696,14.997061545165845,0.9634114913545341
1.684999999999986,1000,8.764962798117649,-1.2470481664541153,0.27868265572199424,-3.9152150236808434,-22.98258970335154,1.0460158722916886
1.689999999999986,1000,8.186882684585695,-1.264073821704879,0.375524320489241,-3.363499832966174,19.36833295344935,1.0460158722916886
1.6949999999999859,-1000,8.42929719190258,-1.2780883266983303,0.6676141045462749,-2.7629289268195345,58.417956811406775,1.0461493300023428
1.6999999999999857,-1000,8.558793060782188,-1.2973798136032042,0.555219914068492,-3.7488911720129683,-22.478838095556576,1.0461493300023428
1.7049999999999856,1000,8.824999929161994,-1.3185891985717368,0.2618829598400821,-4.176060236837379,-58.667390845681986,1.1055745696904122
1.7099999999999855,1000,8.385136757629557,-1.3378365468511981,0.17913040271600011,-3.8186983351721837,-16.550511424816396,1.1055745696904122
1.7149999999999854,-846.2500331642166,8.104467019475711,-1.3564871970618146,0.29405695148017585,-3.7078500847538702,22.985309752835146,1.078422996715021
1.7199999999999853,-846.2500331642166,8.591506991741248,-1.3774188884055476,0.23361920814034262,-4.157882217003759,-12.087548667966646,1.078422996715021
1.7249999999999852,1000,9.116724116099558,-1.4001806863601203,0.011949523108335969,-4.551351416067204,-44.33393700640133,1.1848136078544325
1.729999999999985,1000,8.272173880047369,-1.42130102121122,0.0028818714640961324,-4.238919310325525,-1.8135303288479672,1.1848136078544325
1.734999999999985,-1000,7.813412410049137,-1.4408425894684362,0.19224219185489397,-3.9143366759264704,37.87206407815957,1.1104279150823677
1.739999999999985,-1000,8.433647184205622,-1.4621217753888167,0.17416669095490056,-4.263529847874116,-3.6151001799986813,1.1104279150823677
1.7449999999999848,1000,8.993507945731578,-1.485153342616148,-0.03565796968197074,-4.636568484836043,-41.96493212737426,1.230138481742059
1.7499999999999847,1000,8.08865347364024,-1.506297841765799,-0.03192257821045251,-4.268139488907001,0.7470782943036464,1.230138481742059
1.7549999999999846,-1000,7.6623930418194535,-1.5257163403345233,0.16965449852928455,-3.9114406625859193,40.315415347947415,1.1519995706155928
1.7599999999999845,-1000,8.249491824659204,-1.5468950490357776,0.16385303570008797,-4.26912916430807,-1.160292565839316,1.1519995706155928
1.7649999999999844,1000,8.756927998300283,-1.569797249471899,-0.03346629560391476,-4.625106009417242,-39.46386626080054,1.2651103054552613
1.7699999999999843,1000,7.900353956304249,-1.5905226363056502,-0.017943719557218674,-4.205355004378536,3.1045152093392168,1.2651103054552613
1.7749999999999841,-1000,7.574756399539239,-1.6093408743166422,0.19464673747250485,-3.819990211085372,42.51809140594471,1.1979775817497862
1.779999999999984,-1000,8.048912966479481,-1.6300008231479648,0.20035577884653563,-4.184104593038852,1.1418082748061553,1.1979775817497862
1.784999999999984,1000,8.45174172500902,-1.6524240767939846,0.015095770470306857,-4.526361000983484,-37.052001675245755,1.2934484752155255
1.7899999999999838,1000,7.723618947098291,-1.6722917808191855,0.04162481580329233,-4.053318671216645,5.305809066597095,1.2934484752155255
1.7949999999999837,-1000,7.5656214964255595,-1.6900732426672347,0.26444112467768377,-3.6518773096356716,44.563261774878285,1.2501945365070957
1.7999999999999836,-1000,7.854855456884451,-1.7098422739712156,0.28095627285396985,-4.018827555251782,3.3030296352572153,1.2501945365070957
1.8049999999999835,1000,8.103537721055496,-1.7315201442153776,0.10712312843459243,-4.356636001933769,-34.766628883875484,1.3175535594876513
1.8099999999999834,1000,7.5777089286304244,-1.7501636111166456,0.14399643819372882,-3.827449074125394,7.374661951827277,1.3175535594876513
1.8149999999999833,-1000,7.642955990094441,-1.7664894456351137,0.3764625770987443,-3.4131554793946783,46.4932277810031,1.3098110439323094
1.8199999999999832,-1000,7.685018532392956,-1.7850648057822738,0.40305100531085547,-3.7877694967336675,5.317685642422232,1.3098110439323094
1.824999999999983,1000,7.735137779366922,-1.805861854487802,0.23996951344121079,-4.142287434323541,-32.616298373928934,1.3396291050977942
1.829999999999983,1000,7.474038996816954,-1.8229730343823825,0.2865739880529351,-3.5395105258228785,9.320894922344863,1.3396291050977942
1.8349999999999829,-829.5762483350342,7.804662081931476,-1.8374004070016339,0.5279423457125378,-3.09936662278064,48.27367153192055,1.3769672928960281
1.8399999999999828,-829.5762483350342,6.558817226632509,-1.8676481956714297,0.5136464402043025,-6.013589190896017,-2.859181101647068,1.3769672928960281
1.8449999999999827,-291.687974292027,6.465840840958385,-1.89975655280473,0.34704273834081495,-6.27659204910529,-33.32074037269751,1.2826438075481712
1.8499999999999825,-291.687974292027,6.370760057251356,-1.9302318484393943,0.12276013055503052,-5.874805967389633,-44.85652155715689,1.2826438075481712
1.8549999999999824,1000,6.798862838678016,-1.9600883667443059,-0.16360594680088877,-5.675446333294288,-57.27321547118386,1.3214023639358514
1.8599999999999823,1000,5.968034799764469,-1.9840457712141735,-0.24948555652875043,-4.699553357239527,-17.17592194557233,1.3214023639358514
1.8649999999999822,-1000,5.484440251596473,-2.0063394353728072,-0.143837140967016,-4.491196133306855,21.129683112346886,1.2366652011713601
1.8699999999999821,-1000,6.182690172106133,-2.035164488631294,-0.24704607830842407,-5.582858078099045,-20.641787468281613,1.2366652011713601
1.874999999999982,1000,7.082721512436684,-2.0646448612897896,-0.5454485389867691,-5.528603018739758,-59.68049213566901,1.379125443998475
1.879999999999982,1000,5.648898971806182,-2.0839303122871002,-0.5129079781432505,-3.886013615996426,6.508112168703728,1.379125443998475
1.8849999999999818,-1000,5.224703457549076,-2.1032366861726226,-0.2962842960245822,-3.964209482771159,43.324736423733654,1.257446781944216
1.8899999999999817,-1000,5.536090619363156,-2.1300566381818666,-0.2864235551726001,-5.268932054137247,1.972148170396426,1.257446781944216
1.8949999999999816,1000,6.236195792909068,-2.158106461363399,-0.47144352494539177,-5.328372934602811,-37.00399395455833,1.3563883680437487
1.8999999999999815,1000,5.471266126408833,-2.178820000073876,-0.45282175653548856,-4.13302998952052,3.724353681980641,1.3563883680437487
1.9049999999999814,-1000,5.286616292175757,-2.198044789027415,-0.24522030439083956,-3.979306955018228,41.5202904289298,1.3084529515209198
1.9099999999999813,-1000,5.441951158783949,-2.225198878799528,-0.24576242595779454,-5.325477947684378,-0.1084243133909979,1.3084529515209198
1.9149999999999812,1000,5.233973374831205,-2.2462718482136426,-0.4454345941186275,-4.153466229947671,-39.934433632166595,1.3256439896226913
1.919999999999981,1000,4.665041903421283,-2.256017709671076,-0.4637065155964358,-2.204193605330767,-3.6543842955616523,1.3256439896226913
1.924999999999981,-4.404146396508779,5.221382708650699,-2.2595253373949733,-0.30816223262705594,-1.0493568329239191,31.108856593875966,1.363527316457403
1.9299999999999808,-4.404146396508779,4.7830592395930775,-2.2613744060547134,-0.16164598128806454,-0.6236291850227673,29.30325026779828,1.363527316457403
1.9349999999999807,10.255971938883057,5.242557963910798,-2.2588445251249087,-0.014355429733975078,0.2911347189540313,29.45811031081789,1.4063022578694193
1.9399999999999806,10.255971938883057,5.599065467639571,-2.2526136051003927,0.13532548385026114,1.0885220329026042,29.93618271684724,1.4063022578694193
1.9449999999999805,1000,6.08552205956621,-2.243590465678351,0.23325841280899529,1.7073763002448592,19.58658579174683,1.5223134703455712
1.9499999999999804,1000,9.062036516254047,-2.229764801369034,0.4169684627460699,2.8034566068271647,36.742009987414924,1.5223134703455712
1.9549999999999803,1000,11.923745548638736,-2.213612749651673,0.6548825610346822,3.7227043210807866,47.58281965772246,2.126840484090709
1.9599999999999802,1000,8.322320139386964,-2.2025559065734797,0.5534982989673205,2.7812560210755666,-20.276852413472344,2.126840484090709
1.96499999999998,-1000,10.1361780186813,-2.1855805987334644,0.5199846239132617,4.272509931480093,-6.702735010811756,2.02146226575227
1.96999999999998,-1000,7.899213095944983,-2.1701409024789466,0.28429782988658514,3.850963192831573,-47.13735880533532,2.02146226575227
1.9749999999999799,-1000,6.769589018479545,-2.1537853747668567,-0.14652348186247577,3.8759896722795846,-86.16426234981218,1.7467894024020734
1.9799999999999798,-1000,6.98839988979004,-2.1389099758246255,-0.772270203502453,3.4909524271932826,-125.14934432799545,1.7467894024020734
1.9849999999999797,1000,12.985841864796155,-2.11827971887064,-0.6065914240897503,5.672692817461899,33.13575588254054,2.4041642587983367
1.9899999999999796,1000,12.772700443192438,-2.0989100175198585,-0.27023862731356835,5.8248193237291215,67.27055935523639,2.4041642587983367
1.9949999999999795,-1000,3.4606596687333804,-2.1235619960956185,0.1576869658384203,-4.1419267475426516,85.58511863039773,1.5026442937850573
1.9999999999999793,-1000,6.076887533856549,-2.159544195334859,0.3801298355963335,-6.623691136628514,44.488573951582644,1.5026442937850573
2.0049999999999795,1000,7.267106671223435,-2.192468390822636,0.40991699786809815,-6.292524932970532,5.9574324543529285,1.9046710777443052
2.0099999999999794,1000,4.853991637071184,-2.221852365328273,0.6468306208273605,-5.0970954572339044,47.38272459185247,1.9046710777443052
2.0149999999999793,1000,8.568944983461465,-2.254271261411005,0.5374652821911077,-6.654644379131611,-21.87306772725057,2.0684513868454966
2.019999999999979,1000,6.7886165716504605,-2.283657175299955,0.5015612611617046,-5.80811592235455,-7.180804205880609,2.0684513868454966
2.024999999999979,-1000,6.816149882122702,-2.313843939831296,0.4910172352298554,-5.966404198262728,-2.1088051863698443,1.9320138700348122
2.029999999999979,-1000,8.930824335505251,-2.346038484771963,0.28063205294956794,-6.799604526663331,-42.07703645605749,1.9320138700348122
2.034999999999979,1000,10.479422878243458,-2.378379076631159,-0.12439389801384443,-7.065836387808526,-81.00519019268248,2.3288465736408996
2.0399999999999787,1000,8.021363129083126,-2.4090551761019805,-0.3221578223992797,-6.284910169733385,-39.552784877087056,2.3288465736408996
2.0449999999999786,-1000,6.581892757726626,-2.44053139518699,-0.32542507350492733,-6.260786687699447,-0.6534502211295257,1.9756444951565668
2.0499999999999785,-1000,9.19464142920166,-2.475459088399398,-0.5338953601804116,-7.170676757848518,-41.69405733509686,1.9756444951565668
2.0549999999999784,167.4521514240183,6.128746303341392,-2.5066590847945345,-0.5274184702126925,-6.211877852329736,1.2953779935438225,1.961105003739865
2.0599999999999783,167.4521514240183,6.293664077965569,-2.5387838095790043,-0.4949624652649621,-6.414426400799443,6.491200989546075,1.961105003739865
2.064999999999978,33.317276059521504,5.793482640253567,-2.5701924093333224,-0.42864715440662626,-6.25720097978448,13.263062171667173,1.9602837042016317
2.069999999999978,33.317276059521504,5.665357244505973,-2.6014644557357194,-0.3554171776262375,-6.231406381267858,14.645995356077757,1.9602837042016317
2.074999999999978,21.926358152460153,5.4936902629596345,-2.632466944831144,-0.27448147431277226,-6.178069559335113,16.187140662693043,1.9636275322542367
2.079999999999978,21.926358152460153,5.3790582050388975,-2.663283512069087,-0.18835694981247295,-6.144133149988755,17.22490490005986,1.9636275322542367
2.0849999999999778,73.19144099239938,5.271812586798756,-2.693901693423103,-0.09708162775071075,-6.108846304493786,18.25506441235244,1.9751276467467769
2.0899999999999777,73.19144099239938,5.0643865378068025,-2.724164778459121,0.009572568119320765,-6.04173055530774,21.330839174006304,1.9751276467467769
2.0949999999999775,-381.4981003531797,4.89963327934904,-2.7541049002280173,0.1312102977354692,-5.983934921772601,24.327545923229685,1.9722747692611189
2.0999999999999774,-381.4981003531797,5.683220361622683,-2.785045135381825,0.17632969949006722,-6.189143014779904,9.023880350919605,1.9722747692611189
2.1049999999999773,1000,6.207766401683973,-2.816551506235309,0.14783725600002942,-6.288438003902861,-5.698488698007559,2.134383866750761
2.1099999999999772,1000,3.9450530345220955,-2.8442555999503996,0.32267032349234853,-5.596072915892877,34.96661349846382,2.134383866750761
2.114999999999977,-1000,2.959644074265648,-2.8695725791428384,0.6906345157824115,-5.203319923277336,73.5928384580126,1.8481667550467655
2.119999999999977,-1000,8.15699110311181,-2.905769537457635,0.5488408372080806,-7.104152638807517,-28.358735714866178,1.8481667550467655
2.124999999999977,1000,8.61591596594011,-2.9418244523686288,0.22728293812458272,-6.9501499365757935,-64.31157981669958,2.43733645931274
2.129999999999977,1000,6.199417249559166,-2.972451816287752,0.10806249937811722,-6.004995272664088,-23.8440877492931,2.43733645931274
2.1349999999999767,-1000,4.9200985304096765,-3.0021473774925735,0.18181119771654675,-5.975426996198344,14.749739667685905,2.102767455103689
2.1399999999999766,-1000,7.572710868953974,-3.0378786723322437,0.04996115284195163,-6.886717839393559,-26.370008974919024,2.102767455103689
2.1449999999999765,1000,9.055518501980504,-3.076033306921175,-0.27480076501127554,-7.104612399963872,-64.95238357064544,2.5356216049301956
2.1499999999999764,1000,6.497084645684085,-3.109073532837707,-0.3918131367565348,-6.403874607533961,-23.40247434905185,2.5356216049301956
2.1549999999999763,-1000,5.009902415758261,-3.140023043657835,-0.31582023631279443,-6.231192613351795,15.19858008874807,2.171887471848594
2.159999999999976,-1000,7.741413063689782,3.1056899447234616,-0.4450243231335317,-7.106988703290819,-25.84081736414745,2.171887471848594
2.164999999999976,1000,9.368332063674842,3.0646302862219543,-0.764757706414517,-7.498079024546349,-63.94667665619706,2.5579136372226765
2.169999999999976,1000,3.3840409723122677,3.038167397716553,-0.5964476435471824,-5.594597896164695,33.662012573466924,2.5579136372226765
2.174999999999976,-1000,2.64876498060559,3.01267170059717,-0.24727897891300188,-5.6205116816183835,69.8337329268361,1.8866097770267891
2.1799999999999757,-1000,5.221086750177953,2.980173566626837,-0.09967456329882932,-6.586532143499907,29.520883122834512,1.8866097770267891
2.1849999999999756,1000,6.56395103257454,2.9461400242051123,-0.14392370331241028,-6.520698362190362,-8.849828002716192,2.238906623946521
2.1899999999999755,1000,3.853819953973326,2.9197519739604973,0.019083733157555766,-5.549772593898378,32.60148729399321,2.238906623946521
2.1949999999999754,-1000,2.589867487791611,2.8967940879393557,0.37623202896290564,-5.283673409210087,71.42965916106998,1.828964259902329
2.1999999999999753,-1000,5.194727706153009,2.8675287263669973,0.5261598778621331,-5.873808863412378,29.9855697798455,1.828964259902329
2.204999999999975,1000,6.428075250099774,2.835331246147609,0.48480238462168734,-6.039047346517479,-8.271498648089159,2.172557756637368
2.209999999999975,1000,3.9570842872927474,2.8114883259046226,0.6485380503775884,-5.007349460538242,32.74713315118021,2.172557756637368
2.214999999999975,1000,7.4434367635036764,2.775842412067434,0.5393635502363587,-6.523937194944171,-21.83490002824593,2.24566822477489
2.219999999999975,1000,5.937545469212178,2.7459033209996075,0.5040585086680007,-5.7213944164417025,-7.061008313671602,2.24566822477489
2.2249999999999748,-1000,6.000404027988475,2.7156520134005806,0.4937245783934775,-5.822066036508152,-2.0667860549046457,2.0857696563838637
2.2299999999999747,-1000,8.465920977072862,2.6789949925933043,0.28645277909960853,-6.608584136306055,-41.45435985877379,2.0857696563838637
2.2349999999999746,1000,10.226706149818643,2.6399247773689196,-0.1138707718505188,-6.722423672032125,-80.06471019002547,2.4703651246841547
2.2399999999999745,1000,7.373815323589149,2.6087317697412002,-0.3078434017131602,-5.704332584802204,-38.794525972528284,2.4703651246841547
2.2449999999999743,-1000,5.971246591577502,2.5800098644627396,-0.31288517971027713,-5.578267034094523,-1.0083555994233828,2.0442259071147046
2.2499999999999742,-1000,9.084960938046477,2.544501919799734,-0.40112037112305465,-6.430780974399395,-17.647038282555506,2.0442259071147046
2.254999999999974,1000,10.825148026234144,2.50839947969508,-0.5492696061704087,-6.317848671319778,-29.6298470094708,2.472106569071135
2.259999999999974,1000,7.940017147719201,2.480314500784204,-0.49058095255496653,-5.142731040412385,11.737730723088424,2.472106569071135
2.264999999999974,-1000,6.439161881602337,2.4542804593435785,-0.24043625024309784,-4.963236523552116,50.02894046237374,2.0361136187357562
2.269999999999974,-1000,9.239492876116248,2.422484171023309,-0.19586813395945002,-5.98485461720406,8.913623256729563,2.0361136187357562
2.2749999999999737,1000,10.735178219215308,2.3901443116390544,-0.3446328018410034,-6.173462660838179,-29.75293357631068,2.3827731288176164
2.2799999999999736,1000,8.052075313439673,2.362981020955622,-0.28671546729312203,-5.358998690811237,11.583466909576279,2.3827731288176164
2.2849999999999735,-1000,6.544307835523883,2.3372600589752124,-0.0357870030957918,-5.136342704432832,50.18569283946604,1.9821182121851881
2.2899999999999734,-1000,9.276845590622193,2.3077575091752314,0.00836042759282022,-5.971462360650565,8.829486137722405,1.9821182121851881
2.2949999999999733,1000,10.725802429572182,2.278444947799591,-0.14150415783729475,-6.151304812520668,-29.972917086022992,2.286256754628937
2.299999999999973,1000,8.129282166992926,2.2530070081344924,-0.08417860473185923,-5.403577757491529,11.465110621087105,2.286256754628937
2.304999999999973,-1000,6.714590522662218,2.228149910495027,0.16700620180347242,-5.227820734168685,50.23696130706633,1.922745970200523
2.309999999999973,-1000,9.363095389059126,2.2009040404475577,0.210739009441165,-5.973671411304103,8.746561527538516,1.922745970200523
2.314999999999973,1000,10.75599638660034,2.1740425444482296,0.06074383075339146,-6.201192699911784,-29.999035737554706,2.1784278376016877
2.3199999999999728,1000,8.249304796684227,2.1502616171633666,0.1178307603647629,-5.471574743820037,11.417385922274287,2.1784278376016877
2.3249999999999726,-1000,6.956626545612854,2.1266555846648507,0.36869687586728683,-5.304348630921366,50.17322310050478,1.8567888825896603
2.3299999999999725,-1000,9.496862170394758,2.101512459726825,0.4121127275425476,-6.01937364390369,8.683170335052148,1.8567888825896603
