# time, goalRoll, Torque, speed, roll, rollrate, steer, steerrate, intE
0.001,0,176.98389294717936,-5.317340517280703e-07,0.00024026723987442903,-0.0005348067800835745,0.0,0
0.002,0,5.37376012546768,-2.1012916234240525e-06,-0.00017198343338890783,-0.0015686711572842325,-0.41225067326333686,0
0.003,0,5.777787587591414,-6.162025602814014e-08,-0.00012020264629697408,0.0020783442596276126,0.051780787091933754,0
0.004,0,6.306537241628477,6.584264106229331e-07,9.795770927562188e-05,0.0007135074958535848,0.21816035557259594,0
0.005,0,6.8767153947270865,-1.512275374142161e-06,-8.739112447569796e-05,-0.002218841199412224,-0.18534883375131983,0
0.006,-0.42613760812469004,7.4474844763444334,-1.0269127037883893e-06,8.00700117995299e-05,0.0004894984719273593,0.16746113627522785,0
0.007,-0.42613760812469004,7.9929996491930515,-1.5361636933339704e-06,8.396651184587347e-05,-0.0005394923799274359,0.0038965000463435703,0
0.008,-0.42613760812469004,8.521551470962056,-2.308918708806169e-06,8.608421051161882e-05,-0.0008080738394550544,0.002117698665745355,0
0.009000000000000001,-0.42613760812469004,9.01118257586008,-3.3218136526453647e-06,8.64255586527939e-05,-0.0010524407793840768,0.0003413481411750839,0
0.010000000000000002,-0.42613760812469004,9.422506780627144,-4.575098911860818e-06,8.479398897021288e-05,-0.0012967200231163284,-0.0016315696825810278,0
0.011000000000000003,0.047829538678352664,9.802886549245688,-6.11774194493166e-06,8.117033482657358e-05,-0.0015894818493646843,-0.0036236541436392962,0
0.012000000000000004,0.047829538678352664,10.145931208842248,-7.5726253384387e-06,7.859178575513825e-05,-0.0014981080134363913,-0.002578549071435333,0
0.013000000000000005,0.047829538678352664,9.973352418439777,-7.436342139219732e-06,7.92802143700303e-05,0.0001335953985300848,0.0006884286148920501,0
0.014000000000000005,0.047829538678352664,10.083379385653805,-7.355631170818888e-06,8.09394593018953e-05,7.932842098779546e-05,0.0016592449318649973,0
0.015000000000000006,0.047829538678352664,10.210015069143864,-7.218804628320348e-06,8.339482151453029e-05,0.00013252677620497443,0.002455362212634997,0
0.016000000000000007,-0.011537917179208816,10.300741922677247,-7.0231384847668045e-06,8.658811756196443e-05,0.00018813294973115378,0.0031932960474341343,0
0.017000000000000008,-0.011537917179208816,10.353017419025447,-6.795615160349425e-06,9.014044270447012e-05,0.0002170181761113372,0.0035523251425056885,0
0.01800000000000001,-0.011537917179208816,10.37527525210032,-6.4761416352975145e-06,9.444109790056038e-05,0.0003047692979518395,0.004300655196090263,0
0.01900000000000001,-0.011537917179208816,10.41516012941184,-6.171114931659078e-06,9.926213570669829e-05,0.0002912745311162834,0.004821037806137914,0
0.02000000000000001,-0.011537917179208816,10.398155612783789,-5.8256759562018755e-06,0.00010424692961102462,0.00033054601255933517,0.004984793904326331,0
0.02100000000000001,-0.020731501737776926,10.418132709361103,-5.4625766198401305e-06,0.00010960498362233961,0.0003464832954311557,0.005358054011314991,0
0.022000000000000013,-0.020731501737776926,10.362864840106527,-5.062588144750081e-06,0.00011516528363167025,0.000381593128960922,0.0055603000093306315,0
0.023000000000000013,-0.020731501737776926,10.345766280184092,-4.613904702227194e-06,0.00012088853592822081,0.0004283762795776454,0.005723252296550567,0
0.024000000000000014,-0.020731501737776926,10.334438588004607,-4.128519595208218e-06,0.00012674094768226984,0.0004635926245580012,0.005852411754049026,0
0.025000000000000015,-0.020731501737776926,10.322510238340294,-3.6108174497661124e-06,0.00013268723539458695,0.0004946459915073335,0.005946287712317106,0
0.026000000000000016,-0.02657068727617436,10.305494547228488,-3.0903934567342506e-06,0.0001389536338038544,0.0004968786953303753,0.006266398409267461,0
0.027000000000000017,-0.02657068727617436,10.351220201933069,-2.510918264121156e-06,0.00014526303696335273,0.0005542540450012964,0.006309403159498322,0
0.028000000000000018,-0.02657068727617436,10.294770218355106,-1.9103575226077197e-06,0.00015154155710906896,0.0005747110335789576,0.006278520145716235,0
0.02900000000000002,-0.02657068727617436,10.27028789678181,-1.2767042588663696e-06,0.00015775088048930214,0.0006067861391524359,0.006209323380233176,0
0.03000000000000002,-0.02657068727617436,10.252998077812299,-6.136425518204189e-07,0.00016386616044591554,0.000635346798652246,0.006115279956613397,0
0.03100000000000002,-0.0297771764277922,10.237709884532125,7.704508251785319e-08,0.00016986130124881023,0.0006622698082187683,0.005995140802894693,0
0.03200000000000002,-0.0297771764277922,10.223658600222988,7.93341573607901e-07,0.0001756916854109953,0.0006872771675724132,0.005830384162185072,0
0.03300000000000002,-0.0297771764277922,10.210957908490158,1.52740173358362e-06,0.00018141787657678852,0.0007048869582680273,0.005726191165793216,0
0.03400000000000002,-0.0297771764277922,10.196168120955173,2.271171171493181e-06,0.00018710554090376028,0.0007143830826633151,0.005687664326971758,0
0.035000000000000024,-0.0297771764277922,10.19659836327667,3.052487947994341e-06,0.00019260878666738971,0.0007512968770890335,0.005503245763629436,0
0.036000000000000025,-0.030504237264749216,10.189565652954721,3.858909248478899e-06,0.00019786494394451393,0.0007760888327244906,0.005256157277124218,0
0.037000000000000026,-0.030504237264749216,10.177012624758405,4.684324839018619e-06,0.00020283467124258085,0.0007949576691780179,0.004969727298066918,0
0.03800000000000003,-0.030504237264749216,10.16228413468699,5.526804851955499e-06,0.00020749553119062594,0.0008120165626472416,0.004660859948045091,0
0.03900000000000003,-0.030504237264749216,10.148039170641415,6.3799909570942045e-06,0.0002118843546667317,0.0008230037898797634,0.004388823476105772,0
0.04000000000000003,-0.030504237264749216,10.13547411108816,7.2493381053249835e-06,0.00021594710738460915,0.0008393210459887952,0.004062752717877437,0
0.04100000000000003,-0.028228970802384856,10.077071460769279,8.127369283419841e-06,0.00021968596808354132,0.0008482076632764975,0.0037388606989321666,0
0.04200000000000003,-0.028228970802384856,10.108897219108835,9.013787675325799e-06,0.00022318192114879646,0.0008567809548533074,0.0034959530652551403,0
0.04300000000000003,-0.028228970802384856,10.118619694939591,9.917744939277651e-06,0.00022632880275573364,0.0008745496205314127,0.003146881606937179,0
0.04400000000000003,-0.028228970802384856,10.072315002183654,1.0835240606621387e-05,0.00022902384357025758,0.0008884929609421366,0.002695040814523948,0
0.04500000000000003,-0.028228970802384856,10.088194819644048,1.1748606246748278e-05,0.0002313708214755066,0.0008849599326227664,0.0023469779052490134,0
0.046000000000000034,-0.02454404675242226,10.089276560864214,1.266773588872628e-05,0.00023332771898978668,0.000891347626210683,0.001956897514280079,0
0.047000000000000035,-0.02454404675242226,10.08250460559295,1.3591640546520479e-05,0.0002348730039641547,0.0008968083882673228,0.0015452849743680097,0
0.048000000000000036,-0.02454404675242226,10.074267993650027,1.4515626060278939e-05,0.0002359843722447442,0.000897616028509881,0.0011113682805895199,0
0.04900000000000004,-0.02454404675242226,10.018289048891905,1.543599837051956e-05,0.00023667607125178202,0.0008947553925026554,0.0006916990070378098,0
0.05000000000000004,-0.02454404675242226,10.005304912992608,1.635017873814215e-05,0.00023694873830352754,0.0008893835283903185,0.00027266705174551855,0
0.05100000000000004,-0.018861747328826322,10.012052806524435,1.7257406560444433e-05,0.00023682899507485074,0.0008832304121807358,-0.00011974322867679414,0
0.05200000000000004,-0.018861747328826322,10.06516944594169,1.8159159729352283e-05,0.00023628341282526892,0.000878749224601242,-0.0005455822495818166,0
0.05300000000000004,-0.018861747328826322,10.01018656401147,1.9054850112260464e-05,0.00023528558073333792,0.0008737524422444881,-0.0009978320919310066,0
0.05400000000000004,-0.018861747328826322,10.021592218183278,1.993157295798603e-05,0.00023384107479668825,0.000855725069944525,-0.0014445059366496665,0
0.05500000000000004,-0.018861747328826322,10.023070622371417,2.0798123901973194e-05,0.00023191191928414312,0.0008465387161716829,-0.0019291555125451306,0
0.05600000000000004,-0.01159521112270703,10.01816122617282,2.1647822243794442e-05,0.00022950969077308243,0.0008308441894751776,-0.0024022285110606952,0
0.057000000000000044,-0.01159521112270703,10.005004213475914,2.2486996556563167e-05,0.0002267188176676752,0.0008215284735855192,-0.0027908731054072195,0
0.058000000000000045,-0.01159521112270703,9.97997061125623,2.3299965453185844e-05,0.00022352666425779508,0.0007966452675236957,-0.0031921534098801286,0
0.059000000000000045,-0.01159521112270703,9.996942472976475,2.4084302755652662e-05,0.00021987805815502052,0.0007692418947186783,-0.0036486061027745536,0
0.060000000000000046,-0.01159521112270703,9.94529202942409,2.4856528781600924e-05,0.0002158142772557505,0.000758296663879728,-0.00406378089927003,0
0.06100000000000005,-0.0035977758282413805,9.928297836185312,2.5595631328386502e-05,0.00021133054459258416,0.0007264589456425929,-0.004483732663166333,0
0.06200000000000005,-0.0035977758282413805,9.961279705218747,2.6315459907589532e-05,0.0002064304201676652,0.0007083714779118494,-0.004900124424918974,0
0.06300000000000004,-0.0035977758282413805,9.972751286012414,2.701107938510609e-05,0.000201059636185515,0.0006852291573096749,-0.0053707839821501785,0
0.06400000000000004,-0.0035977758282413805,9.970803209139799,2.767333502052014e-05,0.00019527227983908663,0.0006531518737108069,-0.005787356346428375,0
0.06500000000000004,-0.0035977758282413805,9.920414814179125,2.8312062058176922e-05,0.00018910958811887564,0.0006309117081146293,-0.0061626917202109895,0
0.06600000000000004,-0.0035977758282413805,9.945710493472218,2.8898676101359418e-05,0.0001825502014230873,0.0005803048749597267,-0.006559386695788348,0
0.06700000000000005,0.006764027044010177,9.903183024142585,2.9464567271345848e-05,0.00017562693118187132,0.0005608319236056273,-0.006923270241215976,0
0.06800000000000005,0.006764027044010177,9.888812428202419,2.998802106084418e-05,0.0001683931491616428,0.0005198063635270348,-0.007233782020228511,0
0.06900000000000005,0.006764027044010177,9.881758099779868,3.047050777984333e-05,0.00016083930857614968,0.00048014429665973974,-0.007553840585493125,0
0.07000000000000005,0.006764027044010177,9.87645817829525,3.091210818672823e-05,0.00015297048147040344,0.0004405406037530562,-0.007868827105746238,0
0.07100000000000005,0.006764027044010177,9.871611660038061,3.131171497326264e-05,0.00014479476822939097,0.0003998275407114339,-0.00817571324101247,0
0.07200000000000005,0.015664240506114164,9.906631311466143,3.1690853715537076e-05,0.00013610773819879346,0.0003801911829642749,-0.008687030030597509,0
0.07300000000000005,0.015664240506114164,9.938539377926734,3.202808212580474e-05,0.00012664372577597912,0.00033983435579951237,-0.00946401242281434,0
0.07400000000000005,0.015664240506114164,9.857073895938438,3.227319137389425e-05,0.00011714354854049973,0.0002496457989008132,-0.009500177235479398,0
0.07500000000000005,0.015664240506114164,9.89474155176531,3.2479807180244016e-05,0.00010727169891889425,0.00021211806535082845,-0.00987184962160548,0
0.07600000000000005,0.015664240506114164,9.861023748700717,3.265835262690046e-05,9.716818689112415e-05,0.00018504550789592665,-0.010103512027770099,0
0.07700000000000005,0.025794510596969442,9.849467605755962,3.2780527438502576e-05,8.685784923073276e-05,0.00012994486270851213,-0.010310337660391388,0
0.07800000000000006,0.025794510596969442,9.84306872443309,3.285306212914641e-05,7.640974569903742e-05,8.153899897939515e-05,-0.010448103531695334,0
0.07900000000000006,0.025794510596969442,9.837449678096716,3.2874618399563684e-05,6.581948168097995e-05,3.166008238707236e-05,-0.010590264018057476,0
0.08000000000000006,0.025794510596969442,9.831897766148355,3.2844817083294605e-05,5.509842571903001e-05,-1.863349811715234e-05,-0.010721055961949938,0
0.08100000000000006,0.025794510596969442,9.826687656670373,3.276297574061982e-05,4.426031902220411e-05,-6.963419540250452e-05,-0.010838106696825901,0
0.08200000000000006,0.033404987499123295,9.862092588161008,3.2656667460059194e-05,3.3032208224923474e-05,-9.355633891147704e-05,-0.011228110797280633,0
0.08300000000000006,0.033404987499123295,9.793781590961517,3.2478318420227966e-05,2.1990122412200037e-05,-0.00016423494658237444,-0.011042085812723437,0
0.08400000000000006,0.033404987499123295,9.809675222139937,3.2274578272768594e-05,1.0659751038779286e-05,-0.00018899727951050078,-0.011330371373420751,0
0.08500000000000006,0.033404987499123295,9.860834774440866,3.198543053467733e-05,-7.970515953789018e-07,-0.00027341423233489485,-0.011456802634158188,0
0.08600000000000006,0.033404987499123295,9.826503262371343,3.166920444056882e-05,-1.2276321300412651e-05,-0.0002998582455330077,-0.011479269705033749,0
0.08700000000000006,0.04008493367709325,9.772403226967954,3.128082622250091e-05,-2.3574667209724707e-05,-0.00037102182896831497,-0.011298345909312056,0
0.08800000000000006,0.04008493367709325,9.787538111896703,3.086072830076249e-05,-3.4973274293550884e-05,-0.0004020350223378344,-0.011398607083826177,0
0.08900000000000007,0.04008493367709325,9.796252148957048,3.037934848690809e-05,-4.638348135286564e-05,-0.0004625489280280613,-0.011410207059314757,0
0.09000000000000007,0.04008493367709325,9.797398819595504,2.984120799200566e-05,-5.77534780632777e-05,-0.0005186323544516093,-0.01136999671041206,0
0.09100000000000007,0.04008493367709325,9.794711650844244,2.9249444734309625e-05,-6.905132870487208e-05,-0.0005716409951062718,-0.011297850641594378,0
0.09200000000000007,0.04502893022238237,9.749714726271659,2.8628805976303304e-05,-8.024899920548857e-05,-0.000599989725593903,-0.011197670500616489,0
0.09300000000000007,0.04502893022238237,9.778458434668089,2.79742688160756e-05,-9.165976800728167e-05,-0.0006335315654132172,-0.011410768801793102,0
0.09400000000000007,0.04502893022238237,9.791421800173394,2.7216836793523537e-05,-0.00010284212097668395,-0.0007357129854350552,-0.011182352969402284,0
0.09500000000000007,0.04502893022238237,9.783955749316021,2.6457957249164695e-05,-0.00011404502293664395,-0.000737033468404085,-0.01120290195996,0
0.09600000000000007,0.04502893022238237,9.746534996353128,2.562118925108976e-05,-0.00012493551422538193,-0.0008143182359293752,-0.010890491288737975,0
0.09700000000000007,0.04976214853332305,9.765851498745274,2.4751671528825332e-05,-0.00013582572042121152,-0.0008467452001623126,-0.010890206195829588,0
0.09800000000000007,0.04976214853332305,9.774586676166747,2.382395730535255e-05,-0.00014656164666506567,-0.0009045534503519047,-0.010735926243854155,0
0.09900000000000007,0.04976214853332305,9.774464424929963,2.2843657748410914e-05,-0.00015708791156974746,-0.0009568869591671248,-0.010526264904681781,0
0.10000000000000007,0.04976214853332305,9.729478360183935,2.1840404651178512e-05,-0.00016737118562177593,-0.0009796799043145774,-0.010283274052028476,0
0.10100000000000008,0.04976214853332305,9.75290673202631,2.0760797488231398e-05,-0.00017742261581037936,-0.0010556489051544518,-0.010051430188603425,0
0.10200000000000008,0.05180514656279197,9.697123726494981,1.966961394956504e-05,-0.00018722793183419942,-0.00106723846842936,-0.00980531602382006,0
0.10300000000000008,0.05180514656279197,9.734585726457903,1.8496983933575465e-05,-0.00019678111790036578,-0.0011482899320529357,-0.009553186066166362,0
0.10400000000000008,0.05180514656279197,9.70879117676679,1.7318081956550856e-05,-0.000206133565198458,-0.0011547644006263769,-0.009352447298092216,0
0.10500000000000008,0.05180514656279197,9.700352351619788,1.6090240512866e-05,-0.00021522490559933098,-0.0012035976192304486,-0.009091340400872987,0
0.10600000000000008,0.05180514656279197,9.739605818583641,1.4827473926976526e-05,-0.00022426637191403514,-0.0012384644407018128,-0.00904146631470416,0
0.10700000000000008,0.05381746759578535,9.721917190866344,1.3498705587710443e-05,-0.00023285676242755605,-0.0013043672010797467,-0.008590390513520904,0
0.10800000000000008,0.05381746759578535,9.744359911608958,1.214792723333341e-05,-0.0002412585588299888,-0.001326520547677965,-0.008401796402432746,0
0.10900000000000008,0.05381746759578535,9.6787302594028,1.0765874232082977e-05,-0.00024915047090961264,-0.0013578778290216189,-0.007891912079623845,0
0.11000000000000008,0.05381746759578535,9.723245405584844,9.338636262655741e-06,-0.0002568462009601225,-0.0014030645000524774,-0.007695730050509845,0
0.11100000000000008,0.05381746759578535,9.704116809886765,7.888000639800773e-06,-0.0002642272145890614,-0.001426696474918449,-0.007381013628938895,0
0.11200000000000009,0.05311821433265381,9.698370186323487,6.400924274335233e-06,-0.00027130608019047136,-0.0014633553951936967,-0.007078865601409983,0
0.11300000000000009,0.05311821433265381,9.694851968468965,4.8779383007392064e-06,-0.00027802949083127716,-0.001499462944597803,-0.006723410640805793,0
0.11400000000000009,0.05311821433265381,9.692015416810797,3.323199014617667e-06,-0.0002843731130589738,-0.0015314369382207903,-0.00634362222769663,0
0.11500000000000009,0.05311821433265381,9.688933776791286,1.7450074290227733e-06,-0.00029031103770644004,-0.0015550987214325727,-0.005937924647466254,0
0.11600000000000009,0.05311821433265381,9.685865658117555,1.3801726412866993e-07,-0.00029583801436993925,-0.0015841645709988228,-0.005526976663499207,0
0.11700000000000009,0.050953170333860584,9.683327702137904,-1.4963494243751207e-06,-0.00030094409030307614,-0.001611845321524814,-0.005106075933136896,0
0.11800000000000009,0.050953170333860584,9.643350313596976,-3.1428443165944456e-06,-0.00030565482922977923,-0.0016243519407133753,-0.004710738926703083,0
0.11900000000000009,0.050953170333860584,9.665781532036814,-4.834426131927293e-06,-0.0003099605826661519,-0.0016696025005921776,-0.004305753436372665,0
0.12000000000000009,0.050953170333860584,9.678404845625968,-6.527191568563395e-06,-0.00031405845490818234,-0.0016711871290109393,-0.004097872242030446,0
0.1210000000000001,0.050953170333860584,9.657121640281709,-8.262989724018876e-06,-0.000317628470511017,-0.0017145166700574383,-0.0035700156028346656,0
0.1220000000000001,0.047983839421881884,9.676028000884482,-9.999616359289442e-06,-0.0003208907113540385,-0.0017157095884168332,-0.003262240843021494,0
0.1230000000000001,0.047983839421881884,9.652751552713788,-1.1767356863251644e-05,-0.0003236069180100549,-0.0017472293293414975,-0.002716206656016402,0
0.1240000000000001,0.047983839421881884,9.668751768380424,-1.3538386392589745e-05,-0.0003260030594260692,-0.0017509676195344365,-0.0023961414160143107,0
0.12500000000000008,0.047983839421881884,9.677235857714379,-1.5331842029483116e-05,-0.00032799276734152917,-0.0017738384016941836,-0.00198970791545996,0
0.12600000000000008,0.047983839421881884,9.61161438672241,-1.713403753186282e-05,-0.0003294078947164662,-0.00178312093743491,-0.0014151273749370401,0
0.12700000000000009,0.047983839421881884,9.64675583603134,-1.8950229327916967e-05,-0.00033046823042409625,-0.0017974626186877077,-0.0010603357076300365,0
0.12800000000000009,0.042524276100298034,9.633509530957337,-2.0770762063936944e-05,-0.0003311321011900173,-0.001802290218783345,-0.0006638707659210419,0
0.1290000000000001,0.042524276100298034,9.631860156565269,-2.259858999385793e-05,-0.00033139285713763047,-0.001809975001959984,-0.0002607559476131829,0
0.1300000000000001,0.042524276100298034,9.631203070384084,-2.443545328257211e-05,-0.00033123692171149234,-0.0018194477348367846,0.00015593542613813417,0
0.1310000000000001,0.042524276100298034,9.630231563253625,-2.627772510830478e-05,-0.000330653573728399,-0.0018253289416281478,0.0005833479830933135,0
0.1320000000000001,0.042524276100298034,9.62891344890618,-2.8123262141027443e-05,-0.00032963324485041004,-0.0018290877186010706,0.0010203288779889836,0
0.1330000000000001,0.03703214005452234,9.62764079027765,-2.9970343709782288e-05,-0.0003281676622283575,-0.001831140492356884,0.0014655826220525184,0
0.1340000000000001,0.03703214005452234,9.626789494526209,-3.1819043153794626e-05,-0.00032628175143591245,-0.0018332842464934395,0.0018859107924450711,0
0.1350000000000001,0.03703214005452234,9.626706579282596,-3.366363631364567e-05,-0.00032411963515573247,-0.0018296835937540953,0.0021621162801799807,0
0.1360000000000001,0.03703214005452234,9.603884850182084,-3.5508489763036577e-05,-0.0003214749988090996,-0.0018303949921084565,0.0026446363466328822,0
0.1370000000000001,0.03703214005452234,9.620843764373053,-3.7345400302487287e-05,-0.00031850578448877154,-0.0018229214568797384,0.0029692143203280505,0
0.1380000000000001,0.031002534552665693,9.599569704537933,-3.9179707137566736e-05,-0.0003150569034364202,-0.0018208543111748092,0.003448881052351327,0
0.1390000000000001,0.031002534552665693,9.615423992155076,-4.101054879206795e-05,-0.0003112459762819368,-0.001817830541421511,0.003810927154483429,0
0.1400000000000001,0.031002534552665693,9.626209744293917,-4.2837522162137635e-05,-0.0003070517273604982,-0.0018144439585533066,0.004194248921438591,0
0.1410000000000001,0.031002534552665693,9.598357143355999,-4.464571865819619e-05,-0.0003024199716929628,-0.00179630730569063,0.004631755667535385,0
0.1420000000000001,0.031002534552665693,9.578868595527537,-4.644638547107228e-05,-0.00029742178502301813,-0.0017892467467522663,0.004998186669944674,0
0.1430000000000001,0.024301947639509925,9.5806243110067,-4.823104928327167e-05,-0.0002920520459555947,-0.0017736318987357743,0.00536973906742344,0
0.1440000000000001,0.024301947639509925,9.614870453707914,-5.0014127618175656e-05,-0.0002863376106290989,-0.0017725291706291594,0.005714435326495805,0
0.1450000000000001,0.024301947639509925,9.597178540525853,-5.177121924516109e-05,-0.0002802592175086833,-0.0017470655759549475,0.006078393120415579,0
0.1460000000000001,0.024301947639509925,9.589518369706589,-5.3512310994182614e-05,-0.00027382375142809365,-0.001731565140971195,0.006435466080589652,0
0.1470000000000001,0.024301947639509925,9.586230338098602,-5.523488029131979e-05,-0.00026703285364301175,-0.001713538664283027,0.006790897785081907,0
0.1480000000000001,0.017249181755863284,9.584925641174353,-5.6936679931689366e-05,-0.0002598866971929632,-0.0016932646553662562,0.0071461564500485296,0
0.1490000000000001,0.017249181755863284,9.551442594651128,-5.862267167770919e-05,-0.0002524614452124025,-0.0016779659180208044,0.007425251980560743,0
0.1500000000000001,0.017249181755863284,9.541856002141763,-6.027809896539983e-05,-0.0002447363718152387,-0.0016477971201616778,0.007725073397163765,0
0.1510000000000001,0.017249181755863284,9.5701546999543,-6.191301297757618e-05,-0.00023670144268423838,-0.0016277100491363797,0.008034929131000327,0
0.1520000000000001,0.017249181755863284,9.584310152222612,-6.352572527898734e-05,-0.00022839758909974753,-0.0016058947498684049,0.008303853584490855,0
0.1530000000000001,0.010231268624141452,9.56361477703009,-6.510967493892166e-05,-0.00021978477385874832,-0.001577627752618337,0.008612815240999211,0
0.1540000000000001,0.010231268624141452,9.580546029825138,-6.668463229682185e-05,-0.0002108373853001809,-0.0015689774094810752,0.008947388558567408,0
0.1550000000000001,0.010231268624141452,9.561425738336085,-6.821187223095295e-05,-0.00020167425959045454,-0.0015218138563545026,0.009163125709726367,0
0.1560000000000001,0.010231268624141452,9.546299868591158,-6.973569707027715e-05,-0.0001922056945177859,-0.0015187412127498677,0.00946856507266864,0
0.1570000000000001,0.010231268624141452,9.54970474844067,-7.122203934232354e-05,-0.00018246900466600837,-0.0014816224443404396,0.009736689851777525,0
0.1580000000000001,0.0029133489272563204,9.551902784086014,-7.265338785932105e-05,-0.00017255795992985473,-0.0014271895754118583,0.009911044736153646,0
0.1590000000000001,0.0029133489272563204,9.546589880043728,-7.407546308782279e-05,-0.00016236257272680645,-0.0014182269788779098,0.010195387203048276,0
0.16000000000000011,0.0029133489272563204,9.550418286502392,-7.546412683366217e-05,-0.00015193348497754774,-0.0013851816244568555,0.01042908774925871,0
0.16100000000000012,0.0029133489272563204,9.554370715800081,-7.681766834258652e-05,-0.00014128705868030826,-0.0013504515014038329,0.010646426297239485,0
0.16200000000000012,0.0029133489272563204,9.557073167864964,-7.813480058781503e-05,-0.0001304283917128891,-0.0013144426313511097,0.010858666967419156,0
0.16300000000000012,-0.003512361220363052,9.525056447346534,-7.942702483574671e-05,-0.00011939579286391034,-0.001289942287975509,0.01103259884897876,0
0.16400000000000012,-0.003512361220363052,9.516321994192749,-8.067407532121782e-05,-0.00010821122587933525,-0.001245143469476172,0.011184566984575086,0
0.16500000000000012,-0.003512361220363052,9.545148497689055,-8.187517148287042e-05,-9.684786771019045e-05,-0.001199558390679925,0.011363358169144808,0
0.16600000000000012,-0.003512361220363052,9.525335500401056,-8.304404471934071e-05,-8.53263621973475e-05,-0.001167679983683794,0.011521505512842943,0
0.16700000000000012,-0.003512361220363052,9.517964952321732,-8.417155353070469e-05,-7.365285681117708e-05,-0.0011266768210882552,0.011673505386170421,0
0.16800000000000012,-0.010594784029646689,9.516370552247096,-8.525692383822995e-05,-6.183018955897188e-05,-0.0010848956121793673,0.0118226672522052,0
0.16900000000000012,-0.010594784029646689,9.48344382381557,-8.631770453370929e-05,-4.9935327906641065e-05,-0.0010606691753026907,0.011894861652330816,0
0.17000000000000012,-0.010594784029646689,9.541517703021416,-8.732977182254654e-05,-3.785385733099536e-05,-0.0010122360788192876,0.012081470575645705,0
0.17100000000000012,-0.010594784029646689,9.507382163795485,-8.830180199180545e-05,-2.57333375714631e-05,-0.0009725659533000337,0.012120519759532256,0
0.17200000000000013,-0.010594784029646689,9.489455102012528,-8.922287988202735e-05,-1.3531654527783028e-05,-0.0009219519867094719,0.012201683043680073,0
0.17300000000000013,-0.01668094294094516,9.516122188335514,-9.011074678884301e-05,-1.1672000585658921e-06,-0.0008890145956418277,0.012364454469217136,0
0.17400000000000013,-0.01668094294094516,9.531023748686396,-9.096652312076075e-05,1.1383138465373552e-05,-0.0008571475853733615,0.012550338523939443,0
0.17500000000000013,-0.01668094294094516,9.507830566114524,-9.174733191029326e-05,2.3844595957962434e-05,-0.000782594262333224,0.012461457492588882,0
0.17600000000000013,-0.01668094294094516,9.457618114198482,-9.250443367198506e-05,3.628050631449813e-05,-0.0007592330095964197,0.012435910356535698,0
0.17700000000000013,-0.01668094294094516,9.507229887088648,-9.320615150416451e-05,4.8865086463577164e-05,-0.0007041351751986858,0.012584580149079032,0
0.17800000000000013,-0.022381326645553243,9.501045231795322,-9.389034786943673e-05,6.161548899707714e-05,-0.0006868061290675259,0.012750402533499973,0
0.17900000000000013,-0.022381326645553243,9.502885462507622,-9.451901358166705e-05,7.441756433337813e-05,-0.0006315537013476784,0.01280207533630099,0
0.18000000000000013,-0.022381326645553243,9.505229010178816,-9.509675202646181e-05,8.72461570062214e-05,-0.0005809067221498906,0.012828592672843277,0
0.18100000000000013,-0.022381326645553243,9.474543651426805,-9.559926044334903e-05,9.987073740041378e-05,-0.0005060871268426184,0.012624580394192375,0
0.18200000000000013,-0.022381326645553243,9.453839442301241,-9.61051382147516e-05,0.00011262702481799859,-0.0005096555236196727,0.012756287417584807,0
0.18300000000000013,-0.028465261720167053,9.488344073846632,-9.65321343638112e-05,0.0001254590999479727,-0.000431081352656473,0.012832075129974103,0
0.18400000000000014,-0.028465261720167053,9.472657797382805,-9.693042720131037e-05,0.00013826400499190837,-0.00040263783872971894,0.012804905043935676,0
0.18500000000000014,-0.028465261720167053,9.470649980580221,-9.72721210566031e-05,0.00015104747259127185,-0.00034632633507189627,0.012783467599363487,0
0.18600000000000014,-0.028465261720167053,9.471853007099716,-9.756131824726834e-05,0.00016380354154690852,-0.00029411177893523674,0.012756068955636662,0
0.18700000000000014,-0.028465261720167053,9.474111455385735,-9.779867457323833e-05,0.00017652827235798693,-0.0002425414590592886,0.01272473081107841,0
0.18800000000000014,-0.033467842450160684,9.47677637147218,-9.798405051568769e-05,0.00018921639574688646,-0.00019082097970595663,0.012688123388899531,0
0.18900000000000014,-0.033467842450160684,9.442554879472594,-9.814273199941107e-05,0.00020180975418384318,-0.0001643923800636927,0.012593358436956716,0
0.19000000000000014,-0.033467842450160684,9.437155462462357,-9.824298147513684e-05,0.00021433271466896913,-0.00010628992643339666,0.01252296048512595,0
0.19100000000000014,-0.033467842450160684,9.476941655286312,-9.829934883822449e-05,0.0002269590904769939,-6.264911632859295e-05,0.012626375808024766,0
0.19200000000000014,-0.033467842450160684,9.464749707962449,-9.828216319849379e-05,0.00023941881988405667,1.062862913886389e-05,0.012459729407062782,0
0.19300000000000014,-0.03804317030946252,9.454242289529802,-9.821635342202354e-05,0.0002517577699559774,5.901050680560546e-05,0.012338950071920742,0
0.19400000000000014,-0.03804317030946252,9.449424515832467,-9.810207450742889e-05,0.00026397057350115806,0.00010722558777559084,0.012212803545180641,0
0.19500000000000015,-0.03804317030946252,9.449083938959022,-9.797174061970632e-05,0.0002762295490582452,0.00012307754689614922,0.012258975557087116,0
0.19600000000000015,-0.03804317030946252,9.460534331040165,-9.777136267208846e-05,0.0002884318062524124,0.00019284152188106857,0.012202257194167225,0
0.19700000000000015,-0.03804317030946252,9.436333934863168,-9.750263271817466e-05,0.0003003775577430652,0.00026091265370463645,0.011945751490652823,0
0.19800000000000015,-0.04190181604761902,9.420534625090383,-9.71877459067707e-05,0.00031215292958954797,0.0003068130328221558,0.011775371846482752,0
0.19900000000000015,-0.04190181604761902,9.452324794590321,-9.683658819855947e-05,0.00032396185767092397,0.00034285876948083856,0.011808928081375998,0
0.20000000000000015,-0.04190181604761902,9.469682393046924,-9.642255204824805e-05,0.00033568534457726414,0.00040554027305464066,0.011723486906340166,0
0.20100000000000015,-0.04190181604761902,9.405982714390808,-9.596796444826458e-05,0.00034709066811188975,0.0004458701748911699,0.011405323534625608,0
0.20200000000000015,-0.04190181604761902,9.419513754738382,-9.546982769116123e-05,0.00035848194662874144,0.0004891357089434233,0.011391278516851698,0
0.20300000000000015,-0.045740342041967544,9.432166572440046,-9.491067042166492e-05,0.0003697819948986169,0.000549888550716454,0.011300048269875459,0
0.20400000000000015,-0.045740342041967544,9.406835326549217,-9.428804634517487e-05,0.0003807548252103561,0.0006130833108954223,0.01097283031173922,0
0.20500000000000015,-0.045740342041967544,9.428901405940481,-9.36329516872913e-05,0.00039169947389867797,0.0006453430622225399,0.010944648688321843,0
0.20600000000000016,-0.045740342041967544,9.442437070057078,-9.291818581329149e-05,0.0004025180985452487,0.0007048128510577036,0.010818624646570746,0
0.20700000000000016,-0.045740342041967544,9.40865588036293,-9.217319525903145e-05,0.0004131618243082469,0.0007348609916374158,0.010643725762998161,0
0.20800000000000016,-0.04868685676479518,9.404365700116823,-9.136681897196066e-05,0.0004236421672411049,0.0007959615034151889,0.01048034293285805,0
0.20900000000000016,-0.04868685676479518,9.407181663509265,-9.05068203841006e-05,0.00043394712176961686,0.0008493280710619032,0.010304954528511937,0
0.21000000000000016,-0.04868685676479518,9.410934649677777,-8.959515599260312e-05,0.0004440758831093886,0.0009007750102917081,0.010128761339771752,0
0.21100000000000016,-0.04868685676479518,9.414497106403315,-8.863199464599625e-05,0.0004540179517901004,0.000952074598709794,0.00994206868071176,0
0.21200000000000016,-0.04868685676479518,9.417592968075768,-8.762044629182944e-05,0.00046375643135351753,0.0010002750919097137,0.009738479563417156,0
0.21300000000000016,-0.05084461756067358,9.378723388798104,-8.658280798347016e-05,0.0004732912550426209,0.0010261818204632526,0.009534823689103368,0
0.21400000000000016,-0.05084461756067358,9.374016612888541,-8.548667170790418e-05,0.000482638245022701,0.0010843635811777605,0.009346989980080092,0
0.21500000000000016,-0.05084461756067358,9.378416546726234,-8.43371237627398e-05,0.0004918091338948312,0.0011374933143347482,0.009170888872130165,0
0.21600000000000016,-0.05084461756067358,9.383895429869883,-8.313750122704536e-05,0.0005007971666573596,0.0011873224077769264,0.008988032762528396,0
0.21700000000000016,-0.05084461756067358,9.389142338267789,-8.18879897444093e-05,0.0005095887345518192,0.0012369929609289546,0.00879156789445961,0
0.21800000000000017,-0.05298347287837895,9.351931346608415,-8.061616014625837e-05,0.0005181769862006761,0.0012590842388778634,0.008588251648856937,0
0.21900000000000017,-0.05298347287837895,9.384037366264709,-7.926719539357756e-05,0.0005265651036069995,0.0013358840929476611,0.008388117406323394,0
0.22000000000000017,-0.05298347287837895,9.359766908520614,-7.789343098987655e-05,0.0005347437056417905,0.001360504233507069,0.008178602034791012,0
0.22100000000000017,-0.05298347287837895,9.358817297777296,-7.646640033797848e-05,0.0005427214138591378,0.0014134870974872372,0.007977708217347338,0
0.22200000000000017,-0.05298347287837895,9.402239707045725,-7.500095400336056e-05,0.0005507561518243749,0.0014517222316520633,0.008034737965237066,0
0.22300000000000017,-0.055831382330799824,9.387818135318996,-7.34663505816397e-05,0.0005584291504915817,0.0015207386973139227,0.007672998667206782,0
0.22400000000000017,-0.055831382330799824,9.320241655009186,-7.190255692086074e-05,0.000565791284159299,0.0015496257254400112,0.007362133667717318,0
0.22500000000000017,-0.055831382330799824,9.357377552124827,-7.028844121203722e-05,0.0005729339425465446,0.0015997009265617686,0.007142658387245568,0
0.22600000000000017,-0.055831382330799824,9.374257498535467,-6.865807098920832e-05,0.0005801064733246111,0.0016158314247950005,0.007172530778066523,0
0.22700000000000017,-0.055831382330799824,9.35205932010096,-6.695539598708764e-05,0.0005869069844325819,0.001687922309932505,0.006800511107970782,0
0.22800000000000017,-0.05669529357808945,9.342543477736818,-6.52091173939571e-05,0.0005933794843775785,0.0017313025258735653,0.006472499944996631,0
0.22900000000000018,-0.05669529357808945,9.38203966336053,-6.343084558036367e-05,0.0005998232532192339,0.001763135381125721,0.006443768841655345,0
0.23000000000000018,-0.05669529357808945,9.321137569420712,-6.161519620432985e-05,0.0006058723541437707,0.0018003682992923673,0.00604910092453679,0
0.23100000000000018,-0.05669529357808945,9.304144703180295,-5.975552483758515e-05,0.000611622826034087,0.0018440838069298281,0.005750471890316323,0
0.23200000000000018,-0.05669529357808945,9.344161229757544,-5.7862040723664854e-05,0.0006173759921352623,0.0018776297996507068,0.005753166101175292,0
0.23300000000000018,-0.0581250331031762,9.366555814219069,-5.591143207630997e-05,0.0006229604726175678,0.0019345878686326,0.0055844804823055195,0
0.23400000000000018,-0.0581250331031762,9.338638124487016,-5.3910686795147335e-05,0.0006280847025607578,0.0019846434607927385,0.005124229943190045,0
0.23500000000000018,-0.0581250331031762,9.323312453724279,-5.1880454668285244e-05,0.0006328370969679873,0.0020140111484054854,0.004752394407229435,0
0.23600000000000018,-0.0581250331031762,9.319743884712107,-4.984216431355824e-05,0.0006375238066914762,0.0020218887014550216,0.004686709723488911,0
0.23700000000000018,-0.0581250331031762,9.292481416945993,-4.774318510291748e-05,0.0006418236514120105,0.002082332958799873,0.0042998447205343324,0
0.23800000000000018,-0.05771537127030723,9.324363932736604,-4.561499565189359e-05,0.0006460415487219269,0.002111324019605175,0.00421789730991641,0
0.23900000000000018,-0.05771537127030723,9.343789943027305,-4.343808885643725e-05,0.000650051835590864,0.002159905314156923,0.004010286868937063,0
0.24000000000000019,-0.05771537127030723,9.314460839359732,-4.1218062197265686e-05,0.0006535956731642924,0.0022029771857413486,0.003543837573428423,0
0.2410000000000002,-0.05771537127030723,9.340388155419467,-3.8976064971783285e-05,0.0006569732407130391,0.0022248719728528384,0.003377567548746652,0
0.2420000000000002,-0.05771537127030723,9.281294554833849,-3.670805501623047e-05,0.0006599075644909901,0.0022508011991675446,0.002934323777951074,0
0.2430000000000002,-0.056992313476898294,9.303503630729804,-3.441218653909164e-05,0.0006627262634551667,0.002278471011687916,0.002818698964176603,0
0.2440000000000002,-0.056992313476898294,9.31677079971835,-3.207083447143087e-05,0.0006653369031522811,0.0023238331452368993,0.0026106396971144023,0
0.2450000000000002,-0.056992313476898294,9.285011500057953,-2.9692324745172356e-05,0.0006674984558908006,0.0023609459965476323,0.002161552738519433,0
0.2460000000000002,-0.056992313476898294,9.312384818320425,-2.7295174129864857e-05,0.0006695007471608316,0.0023794956210629685,0.0020022912700310693,0
0.2470000000000002,-0.056992313476898294,9.303095787622318,-2.4875432140493757e-05,0.0006712532726560302,0.00240199959866751,0.0017525254951985094,0
0.2480000000000002,-0.05582000452896979,9.2676891148331,-2.241929425456639e-05,0.0006725558210336919,0.002438350870799092,0.0013025483776617566,0
0.2490000000000002,-0.05582000452896979,9.290091704890688,-1.9943878026500805e-05,0.0006737085260103123,0.0024575352089741117,0.001152704976620407,0
0.25000000000000017,-0.05582000452896979,9.299196513157987,-1.743126851142418e-05,0.0006746243233538307,0.0024946770964438406,0.000915797343518346,0
0.25100000000000017,-0.05582000452896979,9.263370428331918,-1.4889526030798314e-05,0.0006750887378114681,0.002523826316704028,0.0004644144576374139,0
0.25200000000000017,-0.05582000452896979,9.290888421641526,-1.2333059077487225e-05,0.0006753638399941819,0.002538492226145165,0.0002751021827137809,0
0.25300000000000017,-0.05582000452896979,9.287203556561554,-9.757991753270551e-06,0.0006753672763918588,0.002557044035567023,3.43639767693988e-06,0
0.25400000000000017,-0.053967941232808875,9.290217595915207,-7.153832589766985e-06,0.0006750811429934985,0.002586166997186154,-0.0002861333983603413,0
0.25500000000000017,-0.053967941232808875,9.253221809168826,-4.527683575356251e-06,0.000674345407613415,0.0026082495008976393,-0.0007357353800834052,0
0.25600000000000017,-0.053967941232808875,9.274372538092411,-1.8889249939229514e-06,0.000673410180193023,0.0026208531428250584,-0.0009352274203920652,0
0.2570000000000002,-0.053967941232808875,9.28335604482887,7.780488008447055e-07,0.000672206690296945,0.002649108160698852,-0.0012034898960779907,0
0.2580000000000002,-0.053967941232808875,9.289899350834052,3.466109156008501e-06,0.0006706916505124235,0.002670302160729573,-0.0015150397845214904,0
0.2590000000000002,-0.0506906718252681,9.239241971202823,6.156850641076792e-06,0.0006687104678500832,0.002673101858958991,-0.001981182662340298,0
0.2600000000000002,-0.0506906718252681,9.263289923025468,8.85820340717255e-06,0.0006665217530045742,0.002683744535476701,-0.00218871484550904,0
0.2610000000000002,-0.0506906718252681,9.274422798351168,1.1582657248569944e-05,0.0006640625823207343,0.002706932516021633,-0.002459170683839903,0
0.2620000000000002,-0.0506906718252681,9.280356717154532,1.4328711997419677e-05,0.0006613038400390115,0.0027287210988762734,-0.0027587422817227985,0
0.2630000000000002,-0.0506906718252681,9.278865183904216,1.7083837647854222e-05,0.0006582159977283671,0.0027379893241438673,-0.0030878423106443353,0
0.2640000000000002,-0.047469787289099494,9.235381880847033,1.9845034408893632e-05,0.0006546882074570204,0.0027443082077506105,-0.003527790271346757,0
0.2650000000000002,-0.047469787289099494,9.253135944058798,2.2598566426099874e-05,0.0006509663078752597,0.0027367396725962822,-0.0037218995817606864,0
0.2660000000000002,-0.047469787289099494,9.264564672324099,2.537173241028858e-05,0.0006469287657016433,0.0027565000736985193,-0.004037542173616362,0
0.2670000000000002,-0.047469787289099494,9.267900413504615,2.8153554622569784e-05,0.0006425739654489684,0.0027653888383105956,-0.004354800252674923,0
0.2680000000000002,-0.047469787289099494,9.266015997918728,3.0941386243750885e-05,0.0006378955923258204,0.0027716717523730418,-0.0046783731231479775,0
0.2690000000000002,-0.04318571798828622,9.2243295793091,3.372684297439046e-05,0.0006328044087092433,0.0027696187437705774,-0.005091183616577166,0
0.2700000000000002,-0.04318571798828622,9.242327103094478,3.6507262183770294e-05,0.0006274517122847164,0.002764717006195465,-0.0053526964245269055,0
0.2710000000000002,-0.04318571798828622,9.256221719438937,3.92933693065444e-05,0.0006218040756476038,0.002770631651970964,-0.005647636637112503,0
0.2720000000000002,-0.04318571798828622,9.260845700691634,4.208153244323326e-05,0.0006158414573849784,0.002772993587036595,-0.00596261826262543,0
0.2730000000000002,-0.04318571798828622,9.259748382449459,4.486881054854115e-05,0.000609554053459827,0.002772451923306702,-0.006287403925151467,0
0.2740000000000002,-0.038488921534511195,9.255753337742465,4.7653061191000074e-05,0.0006029381515136429,0.0027697834513130577,-0.006615901946184044,0
0.2750000000000002,-0.038488921534511195,9.213183734913885,5.0425657573010657e-05,0.0005959698209771531,0.00275853881485827,-0.006968330536489772,0
0.2760000000000002,-0.038488921534511195,9.231674308331497,5.319024291683139e-05,0.0005887123380652069,0.0027507337083410746,-0.007257482911946205,0
0.2770000000000002,-0.038488921534511195,9.245620758655626,5.594879067153226e-05,0.0005811511023426758,0.0027450062512437553,-0.0075612357225311256,0
0.2780000000000002,-0.038488921534511195,9.249787014068662,5.869931132138206e-05,0.0005732755772029156,0.002737359546489334,-0.007875525139760196,0
0.2790000000000002,-0.03275460677538907,9.248306516025826,6.143958920062592e-05,0.0005650802997511883,0.0027275286573397455,-0.008195277451727295,0
0.2800000000000002,-0.03275460677538907,9.244004295427231,6.416949991163576e-05,0.000556595154975074,0.002717587304422384,-0.008485144776114298,0
0.2810000000000002,-0.03275460677538907,9.201523023834303,6.688169515009759e-05,0.0005478068979995751,0.002700336852561877,-0.008788256975498955,0
0.2820000000000002,-0.03275460677538907,9.249595392081655,6.957892586958321e-05,0.0005386810433603617,0.002685631946231552,-0.009125854639213367,0
0.2830000000000002,-0.03275460677538907,9.251058239314109,7.22501795169038e-05,0.0005293215902104672,0.00266015816699415,-0.009359453149894469,0
0.2840000000000002,-0.02626202870419965,9.206051271288056,7.490096337649268e-05,0.0005196251134324608,0.0026401688937963378,-0.009696476778006408,0
0.2850000000000002,-0.02626202870419965,9.222163901412294,7.754189380502809e-05,0.0005096316275522329,0.002630668065004369,-0.009993485880227894,0
0.2860000000000002,-0.02626202870419965,9.24998375594781,8.016869866930028e-05,0.000499343065349905,0.0026169271586349674,-0.010288562202327885,0
0.2870000000000002,-0.02626202870419965,9.240478122183182,8.277203841748023e-05,0.0004888457539163223,0.00259402084741194,-0.010497311433582743,0
0.2880000000000002,-0.02626202870419965,9.194424096307928,8.533242073358849e-05,0.0004780569901760024,0.002551552085929213,-0.010788763740319866,0
0.2890000000000002,-0.01968689812309745,9.212559486034595,8.787598765308857e-05,0.00046693958857999695,0.002535101752617611,-0.01111740159600547,0
0.2900000000000002,-0.01968689812309745,9.22120453143514,9.039580789464333e-05,0.0004555572808708867,0.002511798268017926,-0.011382307709110247,0
0.2910000000000002,-0.01968689812309745,9.220622020626312,9.288823380720227e-05,0.00044391159457043755,0.002484867558609632,-0.011645686300449157,0
0.2920000000000002,-0.01968689812309745,9.216350682415596,9.535104404615365e-05,0.00043200661939988015,0.0024557321576819356,-0.011904975170557396,0
0.2930000000000002,-0.01968689812309745,9.210483800352003,9.779292720679747e-05,0.0004198599983881368,0.002435305996464393,-0.012146621011743373,0
0.2940000000000002,-0.012596522684249706,9.209980225642948,0.00010018887963887851,0.00040744173671350864,0.0023898434455338724,-0.012418261674628134,0
0.2950000000000002,-0.012596522684249706,9.171797193527933,0.0001025382013812523,0.0003948755420132324,0.0023437693383901214,-0.012566194700276234,0
0.2960000000000002,-0.012596522684249706,9.193843111892532,0.00010486820131142074,0.0003820072638052966,0.0023248311632083616,-0.012868278207935827,0
0.2970000000000002,-0.012596522684249706,9.203029794141479,0.00010716164813553801,0.0003688793974110492,0.0022887414277850903,-0.013127866394247399,0
0.2980000000000002,-0.012596522684249706,9.202778234137174,0.00010941649072938535,0.00035551188015313704,0.002250631786109158,-0.013367517257912144,0
0.2990000000000002,-0.0055132548785795585,9.1982912016941,0.0001116436503357319,0.000341932269279706,0.0022234770498391863,-0.013579610873431049,0
0.3000000000000002,-0.0055132548785795585,9.197938571976495,0.00011381895685484774,0.00032815187697988785,0.0021721207015240845,-0.01378039229981814,0
0.3010000000000002,-0.0055132548785795585,9.196398785900241,0.00011595075268806988,0.000314168388907175,0.0021291025198018052,-0.013983488072712852,0
0.3020000000000002,-0.0055132548785795585,9.192748331640246,0.00011803977715435531,0.00029998435160642024,0.0020868276603382,-0.014184037300754754,0
0.3030000000000002,-0.0055132548785795585,9.150610386057819,0.00012007050482415989,0.0002857268443689871,0.0020291014710894953,-0.01425750723743315,0
0.3040000000000002,0.00222488787547263,9.17004854274147,0.0001220754770310055,0.00027116927545379777,0.002003770109821483,-0.014557568915189322,0
0.3050000000000002,0.00222488787547263,9.178692112510966,0.00012403289076142078,0.0002564178077881299,0.001956715634093144,-0.014751467665667877,0
0.3060000000000002,0.00222488787547263,9.177504023243847,0.00012595548646857283,0.00024151351370535487,0.001922426134541322,-0.014904294082775023,0
0.3070000000000002,0.00222488787547263,9.178073189371611,0.00012781581252458018,0.00022643608931268496,0.0018606515590138676,-0.01507742439266991,0
0.3080000000000002,0.00222488787547263,9.176628615216163,0.0001296238092334724,0.0002111960909362932,0.0018088261299551598,-0.015239998376391766,0
0.3090000000000002,0.010067160957706123,9.172777935108195,0.00013138053662790244,0.00019579795443169738,0.001758061868643257,-0.015398136504595811,0
0.3100000000000002,0.010067160957706123,9.16804562241459,0.00013308727004892256,0.00018028761391927737,0.0017085784561796731,-0.01551034051242001,0
0.3110000000000002,0.010067160957706123,9.12673922534846,0.00013474028407255912,0.00016484523521810123,0.001655457953005249,-0.015442378701176136,0
0.3120000000000002,0.010067160957706123,9.152603800844776,0.00013635012129520447,0.00014913973025338376,0.001612703604101942,-0.015705504964717475,0
0.3130000000000002,0.010067160957706123,9.166631998798566,0.00013789772971969875,0.00013326043788512815,0.0015509691420687091,-0.01587929236825561,0
0.3140000000000002,0.01726540768650735,9.170156365453023,0.00013939945715794,0.00011727085717274705,0.001505613410891034,-0.015989580712381095,0
0.3150000000000002,0.01726540768650735,9.170757242911533,0.00014083189633345614,0.00010119824094579609,0.0014368081431301424,-0.016072616226950966,0
0.3160000000000002,0.01726540768650735,9.167056459554011,0.0001422024190508449,8.504331353808645e-05,0.0013753429124148686,-0.016154927407709636,0
0.3170000000000002,0.01726540768650735,9.12236948766004,0.00014350204780079343,6.901719182452312e-05,0.0013049939228285605,-0.016026121713563327,0
0.3180000000000002,0.01726540768650735,9.139548581063066,0.00014476882548978843,5.2769850565215715e-05,0.0012725753130323368,-0.016247341259307407,0
0.31900000000000023,0.024502261436866977,9.145377255884323,0.000145983215857547,3.6416169510174646e-05,0.0012207194378771157,-0.016353681055041067,0
0.32000000000000023,0.024502261436866977,9.148785264773412,0.00014712762287503404,2.0016708627608083e-05,0.0011512426172483263,-0.016399460882566563,0
0.32100000000000023,0.024502261436866977,9.14772511503622,0.00014820699922631132,3.579635311104469e-06,0.0010866788939065644,-0.01643707331650361,0
0.32200000000000023,0.024502261436866977,9.144092455841072,0.00014922357735488081,-1.2885929567798657e-05,0.001024340242542964,-0.016465564878903126,0
0.32300000000000023,0.024502261436866977,9.102136864492893,0.00015016167783155914,-2.9155935670447044e-05,0.0009463993196800413,-0.016270006102648386,0
0.32400000000000023,0.031097264554195956,9.121591031165718,0.00015107873587841738,-4.5592684855411944e-05,0.0009258280353396064,-0.016436749184964898,0
0.32500000000000023,0.031097264554195956,9.135661586450592,0.00015191674721196446,-6.207956588941068e-05,0.0008472724542311633,-0.01648688103399873,0
0.32600000000000023,0.031097264554195956,9.1401588246532,0.00015268355489469457,-7.857158861893311e-05,0.0007765082685503987,-0.016492022729522438,0
0.32700000000000023,0.031097264554195956,9.138551905204954,0.0001533838071557284,-9.504200225941508e-05,0.0007103751427201224,-0.01647041364048197,0
0.32800000000000024,0.031097264554195956,9.097909785342686,0.00015400296198592907,-0.00011124424266800011,0.0006297751837976791,-0.016202240408585027,0
0.32900000000000024,0.038009611029285906,9.116932830483902,0.00015458436156133383,-0.0001275896438204989,0.0005924234133000856,-0.016345401152498787,0
0.33000000000000024,0.038009611029285906,9.126202704692343,0.00015510773191265782,-0.0001439045003637631,0.0005348916363877943,-0.016314856543264207,0
0.33100000000000024,0.038009611029285906,9.131585562230976,0.00015555283866385352,-0.00016016935006812444,0.00045703850251876244,-0.016264849704361335,0
0.33200000000000024,0.038009611029285906,9.096249123982812,0.00015591248400779627,-0.00017611349333710192,0.00037203243790469423,-0.015944143268977487,0
0.33300000000000024,0.038009611029285906,9.117342073484114,0.00015624968380583426,-0.00019213157864675262,0.00034993390311125453,-0.016018085309650695,0
0.33400000000000024,0.04428516489415637,9.12912680813775,0.0001564889747079086,-0.0002081353779739942,0.0002524392361989249,-0.016003799327241577,0
0.33500000000000024,0.04428516489415637,9.127871074989399,0.00015666098506805215,-0.0002240248072141713,0.00018551136587906754,-0.01588942924017709,0
0.33600000000000024,0.04428516489415637,9.085986322967008,0.0001567524999911306,-0.00023953466211439309,0.00010541817059690626,-0.015509854900221798,0
0.33700000000000024,0.04428516489415637,9.103711991505003,0.00015682143115291846,-0.0002550790554104389,8.321526694814056e-05,-0.015544393296045808,0
0.33800000000000024,0.04428516489415637,9.115998746383314,0.00015680899091137857,-0.0002705595148701937,2.2274075322975905e-06,-0.015480459459754809,0
0.33900000000000025,0.04926798361242361,9.119009238441745,0.00015672248018033945,-0.0002859195899575428,-7.152244871154639e-05,-0.015360075087349115,0
0.34000000000000025,0.04926798361242361,9.080786641803353,0.0001565546925775639,-0.0003008488443996752,-0.0001524313393947054,-0.014929254442132408,0
0.34100000000000025,0.04926798361242361,9.099213922205111,0.0001563484848136092,-0.00031579056447321625,-0.0001905563176312494,-0.014941720073541028,0
0.34200000000000025,0.04926798361242361,9.106908178588903,0.0001560658050803657,-0.0003306226110016053,-0.0002667031911847088,-0.014832046528389048,0
0.34300000000000025,0.04926798361242361,9.070768734623526,0.00015571293600022661,-0.0003450125099288322,-0.000336497537540002,-0.014389898927226885,0
0.34400000000000025,0.05292191352176696,9.095542428252148,0.00015531594134279137,-0.0003594002654898675,-0.00038032218263969763,-0.014387755561035323,0
0.34500000000000025,0.05292191352176696,9.107910985053802,0.00015484196826132343,-0.00037363635488008067,-0.0004570109098008147,-0.014236089390213157,0
0.34600000000000025,0.05292191352176696,9.074183974847372,0.0001542842296381514,-0.00038740853818521314,-0.0005404922392369737,-0.013772183305132468,0
0.34700000000000025,0.05292191352176696,9.093956597714715,0.00015368740643846446,-0.00040113739738702685,-0.0005793465151940145,-0.013728859201813715,0
0.34800000000000025,0.05292191352176696,9.10133360015651,0.00015301572375820555,-0.00041469683029433994,-0.0006539645028637,-0.013559432907313089,0
0.34900000000000025,0.056713990234426345,9.064456795474387,0.0001522631770280663,-0.0004277789560393086,-0.000734572350474237,-0.013082125744968672,0
0.35000000000000026,0.056713990234426345,9.083157612350908,0.00015148737702072124,-0.00044076194662879246,-0.0007575551625928244,-0.012982990589483845,0
0.35100000000000026,0.056713990234426345,9.060873818941397,0.0001506143244302442,-0.0004532128330221402,-0.0008544483369680183,-0.012450886393347722,0
0.35200000000000026,0.056713990234426345,9.087897687165679,0.00014970979709187947,-0.00046564717705118586,-0.0008857912691105556,-0.012434344029045672,0
0.35300000000000026,0.056713990234426345,9.098434232049815,0.00014873013024005233,-0.0004778791160652783,-0.0009607835013177333,-0.012231939014092419,0
0.35400000000000026,0.05899173910245205,9.062925030076666,0.00014767342098620723,-0.0004895906427493642,-0.0010376747771648344,-0.011711526684085908,0
0.35500000000000026,0.05899173910245205,9.046242757086196,0.00014656289048636846,-0.0005008670140835927,-0.0010912425586103486,-0.011276371334228508,0
0.35600000000000026,0.05899173910245205,9.077893425959735,0.00014542864141746227,-0.000512099907996346,-0.0011147692464209492,-0.011232893912753297,0
0.35700000000000026,0.05899173910245205,9.094930074319537,0.0001442182975604916,-0.000523105032508785,-0.0011907421115025033,-0.011005124512439008,0
0.35800000000000026,0.05899173910245205,9.06480224426796,0.00014293339046805156,-0.0005335637008940833,-0.0012652337616307705,-0.010458668385298252,0
0.35900000000000026,0.06008699573089819,9.085059043545142,0.00014161254244462258,-0.0005438514554451065,-0.0013011231431771537,-0.010287754551023216,0
0.36000000000000026,0.06008699573089819,9.057714041054307,0.0001402126324338293,-0.000553574265181804,-0.0013800693714704781,-0.009722809736697492,0
0.36100000000000027,0.06008699573089819,9.044411250389343,0.0001387687266686632,-0.0005628944399671103,-0.001423963659281858,-0.00932017478530629,0
0.36200000000000027,0.06008699573089819,9.076623947421448,0.0001372926319308553,-0.0005721072752008986,-0.0014560591815082574,-0.009212835233788361,0
0.36300000000000027,0.06008699573089819,9.093217103218876,0.00013575236264433212,-0.0005810305021680993,-0.0015202158321744488,-0.008923226967200657,0
0.36400000000000027,0.060340067874736225,9.063252776718002,0.0001341465277255555,-0.0005893776074730011,-0.0015858369110150444,-0.008347105304901863,0
0.36500000000000027,0.060340067874736225,9.048687686019939,0.00013249956126342634,-0.0005972615064986066,-0.0016269640653154098,-0.007883899025605458,0
0.36600000000000027,0.060340067874736225,9.078136744801833,0.0001308152869475442,-0.0006049748585617733,-0.0016642758738591445,-0.007713352063166718,0
0.36700000000000027,0.060340067874736225,9.053920490671148,0.00012906245133309646,-0.0006121561647690339,-0.001732872765596053,-0.007181306207260595,0
0.36800000000000027,0.060340067874736225,9.040534932761604,0.0001272713923142636,-0.0006189137921922533,-0.0017711169650852124,-0.006757627423219421,0
0.36900000000000027,0.05921204037247721,9.071153040311303,0.00012545128778713936,-0.0006254670328411657,-0.0018001336977769833,-0.006553240648912327,0
0.3700000000000003,0.05921204037247721,9.052653008804588,0.00012357130941576308,-0.000631501114879565,-0.0018600857058290964,-0.006034082038399325,0
0.3710000000000003,0.05921204037247721,9.077954829943842,0.00012165768863612889,-0.0006372756866835216,-0.0018938285994017175,-0.005774571803956671,0
0.3720000000000003,0.05921204037247721,9.052761750945635,0.00011968811713362716,-0.0006424988673040587,-0.0019499308439109853,-0.005223180620537028,0
0.3730000000000003,0.05921204037247721,9.039534332119734,0.00011768794533267762,-0.0006472867922976265,-0.0019806568082082875,-0.004787924993567873,0
0.3740000000000003,0.05742850230621797,9.051871014259278,0.00011565020232969364,-0.0006517538477883825,-0.0020182914808998128,-0.004467055490755948,0
0.3750000000000003,0.05742850230621797,9.038571085384168,0.0001135685109282649,-0.0006557791856021506,-0.002062357177524605,-0.004025337813768118,0
0.3760000000000003,0.05742850230621797,9.065843679937577,0.00011145709126541082,-0.0006595119541577785,-0.00209214087486128,-0.0037327685556278823,0
0.3770000000000003,0.05742850230621797,9.045887637519867,0.00010930715221739009,-0.0006627429427794745,-0.002130879096861663,-0.0032309886216960173,0
0.3780000000000003,0.05742850230621797,9.037050843416326,0.0001071297178366801,-0.000665525387243177,-0.00215855201054947,-0.0027824444637024976,0
0.3790000000000003,0.054472721217307445,9.034832920257038,0.0001049210416399433,-0.0006678839377773317,-0.0021899340642506622,-0.0023585505341546615,0
0.3800000000000003,0.054472721217307445,9.067006524264778,0.00010267230542415185,-0.0006699295368209081,-0.002230106660580629,-0.0020455990435764605,0
0.3810000000000003,0.054472721217307445,9.043351493733569,0.00010038368760451039,-0.0006714465123338701,-0.002270245045338329,-0.0015169755129619848,0
0.3820000000000003,0.054472721217307445,9.031858184654755,9.808472528223622e-05,-0.0006725573937895632,-0.002280828194039178,-0.0011108814556930711,0
0.3830000000000003,0.054472721217307445,9.032859645188356,9.576425027550071e-05,-0.0006732477035026215,-0.002302525219352033,-0.0006903097130582818,0
0.3840000000000003,0.0507898867082501,9.036555487217885,9.341785627426142e-05,-0.0006735148775604969,-0.0023286406528718294,-0.00026717405787540175,0
0.3850000000000003,0.0507898867082501,9.071215556822954,9.103229679325984e-05,-0.0006734134052443845,-0.0023679777665748377,0.00010147231611240017,0
0.3860000000000003,0.0507898867082501,9.048972359064447,8.861776009964011e-05,-0.0006727882007614394,-0.002397307374544356,0.0006252044829450909,0
0.3870000000000003,0.0507898867082501,9.035125239739703,8.619809713617849e-05,-0.0006717844543058202,-0.0024028036613593855,0.0010037464556191759,0
0.3880000000000003,0.0507898867082501,9.02847086421397,8.375984903915828e-05,-0.0006703754382152759,-0.0024216567487064106,0.001409016090544329,0
0.3890000000000003,0.04646252287206792,9.02761005671501,8.130538775169789e-05,-0.0006685555792064501,-0.002438092528074468,0.0018198590088257856,0
0.3900000000000003,0.04646252287206792,9.032202886626116,7.883824597377429e-05,-0.000666340506758368,-0.0024510209100623514,0.0022150724480821116,0
0.3910000000000003,0.04646252287206792,9.03603364227044,7.635572472361471e-05,-0.000663721180791316,-0.002466674173643242,0.002619325967051999,0
0.3920000000000003,0.04646252287206792,9.05871406574737,7.384903466211155e-05,-0.0006608114457336247,-0.0024910806106387016,0.002909735057691305,0
0.3930000000000003,0.04646252287206792,9.044299803099157,7.133221182721727e-05,-0.00065754398223172,-0.002501655464475038,0.0032674635019046576,0
0.3940000000000003,0.04194846345766828,9.033229541495505,6.880089368907392e-05,-0.0006538326582620015,-0.002516492256129066,0.003711323969718557,0
0.3950000000000003,0.04194846345766828,9.029597815453897,6.626109956471492e-05,-0.0006497279328702519,-0.002525274690786919,0.004104725391749597,0
0.3960000000000003,0.04194846345766828,9.032778290533049,6.37200944718151e-05,-0.000645221707331371,-0.0025267912415227415,0.004506225538880907,0
0.3970000000000003,0.04194846345766828,9.035963210349523,6.117280697224906e-05,-0.0006403154023923658,-0.002533402733724431,0.004906304939005196,0
0.3980000000000003,0.04194846345766828,9.037076066265659,5.86187964481219e-05,-0.0006350093261628823,-0.0025404734034452934,0.005306076229483507,0
0.3990000000000003,0.036093380090646617,9.036224399017565,5.60599760963349e-05,-0.0006293047589522996,-0.0025456407052580864,0.0057045672105826865,0
0.4000000000000003,0.036093380090646617,9.033949220588832,5.34968104000034e-05,-0.000623237372913888,-0.0025503477745922767,0.006067386038411532,0
0.4010000000000003,0.036093380090646617,9.030655590977247,5.093288901473019e-05,-0.0006168039542798928,-0.002551453366931842,0.006433418633995224,0
0.4020000000000003,0.036093380090646617,9.029511339083328,4.8367427280500945e-05,-0.0006100107262200336,-0.002553333923357925,0.006793228059859247,0
0.4030000000000003,0.036093380090646617,9.032641790670251,4.5811357280722625e-05,-0.000602846539852871,-0.0025442929856751765,0.007164186367162521,0
0.4040000000000003,0.029924246552098088,9.034882475632989,4.325985890547867e-05,-0.0005953123377176908,-0.002540088829829391,0.007534202135180243,0
0.4050000000000003,0.029924246552098088,9.034881987091369,4.0710372867373995e-05,-0.0005874436565643238,-0.0025384541902800147,0.007868681153366959,0
0.4060000000000003,0.029924246552098088,9.03301388703619,3.816606751467241e-05,-0.0005792341901725029,-0.0025336420702642363,0.008209466391820904,0
0.4070000000000003,0.029924246552098088,9.029901644322297,3.562898528616218e-05,-0.0005706877238233112,-0.0025267840374423433,0.008546466349191694,0
0.4080000000000003,0.029924246552098088,9.028853907153021,3.309704721740446e-05,-0.0005618129428227978,-0.0025219973047587324,0.008874781000513471,0
0.4090000000000003,0.023532813942378782,9.032039505236083,3.0583012422102696e-05,-0.000552597602455702,-0.002504454824373653,0.009215340367095754,0
0.4100000000000003,0.023532813942378782,9.0344146503481,2.8079896400981675e-05,-0.0005430796142932733,-0.002493908940565369,0.009517988162428739,0
0.4110000000000003,0.023532813942378782,9.034617705758446,2.558854388194106e-05,-0.0005332535054402871,-0.002482513319669125,0.009826108852986192,0
0.4120000000000003,0.023532813942378782,9.03297474626854,2.3110414607201277e-05,-0.0005231234108017871,-0.0024696570692835595,0.010130094638499957,0
0.4130000000000003,0.023532813942378782,9.030067648822065,2.0647467936563813e-05,-0.0005126950240901423,-0.0024548365442131413,0.010428386711644845,0
0.4140000000000003,0.01698704419931194,9.026293162900311,1.8201613471840453e-05,-0.0005019746904729975,-0.0024380986397469478,0.010720333617144738,0
0.4150000000000003,0.01698704419931194,9.024811596994608,1.576677951105451e-05,-0.0004910113829120727,-0.0024274264412878807,0.010963307560924871,0
0.4160000000000003,0.01698704419931194,8.998320066787109,1.3372380384796193e-05,-0.0004798445263867688,-0.0023873502400858343,0.01116685652530387,0
0.4170000000000003,0.01698704419931194,9.020576043958654,1.0984999058137043e-05,-0.0004683566372719125,-0.0023805731690580063,0.011487889114856304,0
0.4180000000000003,0.01698704419931194,9.031818049443597,8.619028081754173e-06,-0.00045659389414469127,-0.002359479873783788,0.011762743127221231,0
0.4190000000000003,0.010292658203169143,9.033909387263298,6.275504441314256e-06,-0.00044457442488851976,-0.002337375523013211,0.012019469256171512,0
0.4200000000000003,0.010292658203169143,9.031403614375574,3.953762052096094e-06,-0.00043234621752530106,-0.0023159402655981063,0.012228207363218696,0
0.4210000000000003,0.010292658203169143,9.001131474399154,1.6650443114952043e-06,-0.0004200027278619219,-0.002283274284453676,0.01234348966337918,0
0.4220000000000003,0.010292658203169143,9.02322890540259,-6.074948011348715e-07,-0.00040736672874076797,-0.0022673309897660444,0.01263599912115391,0
0.4230000000000003,0.010292658203169143,9.03586560530625,-2.8499970862637708e-06,-0.0003944968906432094,-0.002237597683204829,0.012869838097558572,0
0.4240000000000003,0.0037179225463747126,9.039249732936408,-5.064334107594632e-06,-0.00038141765770446223,-0.002209755628215673,0.013079232938747163,0
0.4250000000000003,0.0037179225463747126,9.010981298424378,-7.2434899011984936e-06,-0.0003682949992804107,-0.002174935967349903,0.013122658424051515,0
0.4260000000000003,0.0037179225463747126,9.027947125217203,-9.402770755355844e-06,-0.00035490654759420907,-0.0021552818482006362,0.013388451686201654,0
0.4270000000000003,0.0037179225463747126,9.033475363547616,-1.1531228061914189e-05,-0.0003413332825466787,-0.002124739777830112,0.013573265047530378,0
0.4280000000000003,0.0037179225463747126,9.005549228212331,-1.3618952468555289e-05,-0.000327733403404801,-0.0020843287561998474,0.013599879141877666,0
0.4290000000000003,-0.002378067116542411,9.026800625657769,-1.568682534740423e-05,-0.0003138820162027403,-0.0020646906537948096,0.013851387202060724,0
0.4300000000000003,-0.002378067116542411,9.037923391940978,-1.7718380230753196e-05,-0.00029988922807060755,-0.002028640257345874,0.013992788132132741,0
0.4310000000000003,-0.002378067116542411,9.01193839687321,-1.9698852814293864e-05,-0.00028591050515301567,-0.0019778545157631143,0.013978722917591885,0
0.43200000000000033,-0.002378067116542411,9.028188169045697,-2.166638874525001e-05,-0.00027171695287023093,-0.0019651144566754657,0.014193552282784735,0
0.43300000000000033,-0.002378067116542411,9.0049912385573,-2.3578539560699715e-05,-0.0002575342995022652,-0.0019099993140475108,0.01418265336796575,0
0.43400000000000033,-0.008342835695690012,9.022814873757174,-2.5474986478070804e-05,-0.0002431327743871241,-0.0018944766719587109,0.01440152511514108,0
0.43500000000000033,-0.008342835695690012,9.03130958360131,-2.7338868965381505e-05,-0.00022864973868837288,-0.001862145713997157,0.014483035698751224,0
0.43600000000000033,-0.008342835695690012,9.00844855050106,-2.914074287443502e-05,-0.00021424744379608385,-0.0018003888161235986,0.014402294892289029,0
0.43700000000000033,-0.008342835695690012,8.996488858151107,-3.0908641357312354e-05,-0.00019983830187447153,-0.0017666068024098094,0.014409141921612323,0
0.43800000000000033,-0.008342835695690012,9.026720695395845,-3.265888615819282e-05,-0.00018520776275362125,-0.0017491012656450596,0.01463053912085027,0
0.43900000000000033,-0.014058727189341074,9.038696879632866,-3.436315792347103e-05,-0.00017048262968562012,-0.001703323902004293,0.014725133068001136,0
0.44000000000000034,-0.014058727189341074,9.011386728015017,-3.601033966731385e-05,-0.00015590775372214977,-0.001646459163064456,0.014574875963470351,0
0.44100000000000034,-0.014058727189341074,8.996588703993442,-3.7630833349842994e-05,-0.0001413934867644602,-0.0016199458348237171,0.014514266957689573,0
0.44200000000000034,-0.014058727189341074,9.029340579071535,-3.922651847813823e-05,-0.00012669508348329072,-0.0015952643396144857,0.014698403281169472,0
0.44300000000000034,-0.014058727189341074,9.021250529111434,-4.07525279497898e-05,-0.00011212120951735722,-0.0015257902200453905,0.014573873965933503,0
0.44400000000000034,-0.018924189860119466,9.043823573536162,-4.2258305915005304e-05,-9.740253789259277e-05,-0.001505668565207599,0.014718671624764446,0
0.44500000000000034,-0.018924189860119466,9.019304621275092,-4.3711762034870835e-05,-8.288040159878498e-05,-0.0014535236036029003,0.01452213629380779,0
0.44600000000000034,-0.018924189860119466,9.004100611425153,-4.512570646238258e-05,-6.845697241299637e-05,-0.0014141460453653745,0.014423429185788613,0
0.44700000000000034,-0.018924189860119466,9.030210520706225,-4.6516427110001866e-05,-5.3890934143092646e-05,-0.0013910202094284583,0.01456603826990372,0
0.44800000000000034,-0.018924189860119466,9.013561410591505,-4.7845623349718556e-05,-3.9520823276618185e-05,-0.0013296514613270617,0.014370110866474462,0
0.44900000000000034,-0.02295151921394205,9.006669329784419,-4.913362115728898e-05,-2.5261570532336718e-05,-0.001288570610313362,0.014259252744281466,0
0.45000000000000034,-0.02295151921394205,9.038694266755716,-5.039945773370749e-05,-1.0894462147090171e-05,-0.001266489604674621,0.014367108385246546,0
0.45100000000000035,-0.02295151921394205,9.023162709735395,-5.1597561594441145e-05,3.2442768385129086e-06,-0.0011988756981086636,0.01413873898560308,0
0.45200000000000035,-0.02295151921394205,9.011084165888382,-5.2758959970486145e-05,1.7228928217913724e-05,-0.0011622607342975046,0.013984651379400815,0
0.45300000000000035,-0.02295151921394205,9.004711732401779,-5.388153737499405e-05,3.109166246118441e-05,-0.0011235297654848258,0.013862734243270686,0
0.45400000000000035,-0.02644747207005238,9.03774091814169,-5.4983846315314594e-05,4.505706677414678e-05,-0.0011033237537417422,0.013965404312962369,0
