# time, goalRoll, Torque, speed, roll, rollrate, steer, steerrate, intE
0.005,0,105.53208015688338,-2.8796636262642843e-05,0.001536888988547302,-0.005758851923337756,0.0,0
0.01,-12.217224633126182,1.9864073437407503,-3.577592613880608e-05,0.0007691132386849926,-0.0013938162335459733,-0.1535551499724619,0
0.015,-12.217224633126182,2.043783709686908,-9.353399424148851e-05,6.883830417980308e-05,-0.011442554313734333,-0.1400549869010379,0
0.02,-7.9826201999954085,1.9343784093514997,-0.00019136986806615657,-0.0013073302840604442,-0.01921141250461946,-0.2752337176480495,0
0.025,-5.381239494101749,1.851000749986592,-0.0003082183899945454,-0.0031194599901631687,-0.022707100663170502,-0.3624259412205449,0
0.030000000000000002,-3.4537872971144417,1.797700194314348,-0.00043675640431966987,-0.0052297545986835815,-0.024711845853383704,-0.42205892170408255,0
0.035,-2.0388057981675445,1.762919759322088,-0.00057244256122741,-0.007532231080494571,-0.02581287576112079,-0.460495296362198,0
0.04,-2.0388057981675445,9.28300612704688,-0.0007745727824198065,-0.010302346535629173,-0.03883915479355206,-0.5540230910269204,0
0.045,3.982611218349872,8.985078208305541,-0.0010084968262245532,-0.01342336916221337,-0.04476923108782966,-0.6242045253168395,0
0.049999999999999996,3.982611218349872,8.973123344186012,-0.0012297931060578123,-0.016400916738482225,-0.0420900493160036,-0.5955095152537708,0
0.05499999999999999,2.916795373761662,9.01280091773894,-0.001429760382636248,-0.01913969237759516,-0.03773058054250385,-0.547755127822587,0
0.05999999999999999,2.916795373761662,9.051125714299138,-0.0016081630768250968,-0.02165659747572938,-0.033366486682492855,-0.5033810196268439,0
0.06499999999999999,1.3144513720301187,9.079650550967582,-0.0017658623256073165,-0.023953528802983383,-0.029232560743718057,-0.45938626545080075,0
0.06999999999999999,1.1533307192627689,9.09929351455121,-0.001914827431053101,-0.02614669708129939,-0.027400140411968883,-0.43863365566320156,0
0.075,2.556137685187517,10.46072599146966,-0.002086245556848998,-0.028491438005893707,-0.03177277821358628,-0.46894818491886314,0
0.08,2.8388564132067184,10.401432322536435,-0.0022550760845512713,-0.03080824054820028,-0.03112733350300709,-0.4633605084613149,0
0.085,2.6288725742981995,10.40172425740746,-0.002416186651932432,-0.03300803311210908,-0.02955200129158335,-0.4399585127817594,0
0.09000000000000001,2.2278058836425796,10.41593005861207,-0.002567645768206456,-0.035060023852091754,-0.027652060006067743,-0.4103981479965352,0
0.09500000000000001,1.8478617704667428,10.430979014139293,-0.002710528688766096,-0.03697174796812105,-0.025984387744183414,-0.3823448232058588,0
0.10000000000000002,1.57320897553471,10.443881881591558,-0.0028469787747631126,-0.03876552147982869,-0.024734907505187528,-0.358754702341528,0
0.10500000000000002,1.4034304776382172,10.454587749916753,-0.002978911475120692,-0.04046325300104317,-0.02384983928400188,-0.33954630424289645,0
0.11000000000000003,1.6606665835005767,10.650135047781896,-0.003093937481295869,-0.04218469784920919,-0.020321112051492833,-0.3442889696332038,0
0.11500000000000003,1.6570269125939543,10.622739695552688,-0.003198137985649318,-0.043862171148548804,-0.018100147946928234,-0.3354946598679229,0
0.12000000000000004,1.54910338550361,10.622702698578122,-0.0032975035919972392,-0.04546250534845294,-0.01715023781131693,-0.32006683998082736,0
0.12500000000000003,1.54910338550361,10.632178047530978,-0.0033938997435335534,-0.04697554926482241,-0.016601651575111884,-0.3026087832738944,0
0.13000000000000003,1.20472003553156,10.642519904700965,-0.003486839167601462,-0.0483967343396317,-0.015974830410572315,-0.2842370149618578,0
0.13500000000000004,1.10769788182097,10.65125233660995,-0.0035773831656753623,-0.04974725059622192,-0.01552322130275837,-0.27010325131804347,0
0.14000000000000004,1.027517061148096,10.658464223095976,-0.003664963353423291,-0.05103448694207179,-0.014951393809772498,-0.25744726916997474,0
0.14500000000000005,1.0319806212629636,10.651033652261328,-0.003719593144239878,-0.052346922716445074,-0.008096602071040656,-0.2624871548746563,0
0.15000000000000005,1.0004637166690173,10.62593077446805,-0.0037582033138456035,-0.053638420386348334,-0.004813647386833019,-0.2582995339806521,0
0.15500000000000005,0.9513719700653063,10.624049190583516,-0.0037908699978193385,-0.05488373621459309,-0.0036321173596052863,-0.24906316564895087,0
0.16000000000000006,0.8802749881151577,10.63164675073732,-0.003820376039639603,-0.05607391730732415,-0.0030311873488715643,-0.23803621854621287,0
0.16500000000000006,0.8038200970865113,10.64046317028338,-0.0038464940735698137,-0.05721050608752112,-0.0023825768214801564,-0.2273177560393927,0
0.17000000000000007,0.7335074153467822,10.647993122218852,-0.003868275125645673,-0.05829901171221668,-0.0015340426525691287,-0.21770112493911253,0
0.17500000000000007,0.6724608347409191,10.654350912557875,-0.003884909729647734,-0.05934510922688986,-0.0005138657089946053,-0.20921950293463637,0
0.18000000000000008,0.646195042382903,10.61207015217739,-0.003859911368787622,-0.06044195844282552,0.008207038149998479,-0.21936984318713243,0
0.18500000000000008,0.6166811036613868,10.587119381586675,-0.0038140979093037415,-0.061540025841480286,0.012488782476147415,-0.21961347973095263,0
0.19000000000000009,0.5851219771828493,10.58538398021309,-0.0037597003360284142,-0.06261153961746997,0.014202016561962693,-0.21430275519793707,0
0.1950000000000001,0.5348314054979291,10.593477275349986,-0.003700251393282737,-0.06364588754914044,0.015173370025006364,-0.20686958633409358,0
0.2000000000000001,0.4793930170713736,10.603059391304203,-0.003635784609544674,-0.06464351437127436,0.016135912236318262,-0.1995253644267836,0
0.2050000000000001,0.4302728663956348,10.611560303995073,-0.00356556895844927,-0.06560895839336574,0.017250712555229756,-0.19308880441827603,0
0.2100000000000001,0.39124822778519786,10.619062807996587,-0.003489114699267249,-0.06654685076531561,0.01846755189683318,-0.18757847438997388,0
0.2150000000000001,0.4210564300422419,10.571199497801723,-0.003367565908708924,-0.06756333862139223,0.02797850018619648,-0.20329757121532455,0
0.2200000000000001,0.41897734849318624,10.547232557340136,-0.0032235567676491424,-0.06859717033631077,0.032584715730878504,-0.206766342983708,0
0.22500000000000012,0.409386094697604,10.54684299538727,-0.0030710489731334703,-0.06961471106069451,0.034227561372503205,-0.20350814487674895,0
0.23000000000000012,0.3785370274973001,10.556391774269883,-0.0029144310200280156,-0.07060247271640699,0.03493803726623043,-0.19755233114249482,0
0.23500000000000013,0.34430710775974305,10.567386945973732,-0.002754319800916603,-0.07155969149663681,0.03551491044268089,-0.1914437560459642,0
0.24000000000000013,0.3194248462075855,10.577183118299212,-0.0025904998928907934,-0.07249015568562828,0.03613556405227347,-0.18609283779829344,0
0.24500000000000013,0.30688550083764987,10.585819337431065,-0.0024229766030522946,-0.07339763721044701,0.03675362674376131,-0.18149630496374636,0
0.2500000000000001,0.30688550083764987,10.537519706632194,-0.0022122969065986532,-0.0744055285266394,0.04591855856731446,-0.20157826323847772,0
0.2550000000000001,0.506470893471981,10.513668500482495,-0.001982113042482341,-0.07544349383619697,0.04988693178448367,-0.20759306191151516,0
0.2600000000000001,0.49249081310654574,10.51360931515055,-0.0017463735175061018,-0.076460669946768,0.05080572343795031,-0.20343522211420662,0
0.2650000000000001,0.4590984557991966,10.523347732620042,-0.0015102896118122289,-0.07744222080697886,0.05062102487035848,-0.19631017204217172,0
0.27000000000000013,0.42444372032670685,10.53423696529131,-0.0012747870975180883,-0.07838728394043196,0.05023920255116198,-0.18901262669061836,0
0.27500000000000013,0.40276555580701334,10.543581885137442,-0.0010398516364929886,-0.07930014011261423,0.04986492490955379,-0.1825712344364544,0
0.28000000000000014,0.3956884869267938,10.551415456119857,-0.0008056076830770816,-0.08018492940125484,0.049468998942553605,-0.17695785772812167,0
0.28500000000000014,0.6288602440810624,10.503480363702407,-0.0005327694273269945,-0.08118670255130712,0.05774427562055126,-0.2003546300104575,0
0.29000000000000015,0.6668896401515685,10.477606351852199,-0.00024314876537112295,-0.08220871202843506,0.061040567387240965,-0.20440189542558773,0
0.29500000000000015,0.6508742467899289,10.475716567353375,4.7836026371735884e-05,-0.0832035408175825,0.0609937615577611,-0.19896575782948622,0
0.30000000000000016,0.5977057939278456,10.483491967527911,0.0003353357801891999,-0.08415351302898082,0.05990210211358261,-0.18999444227966455,0
0.30500000000000016,0.5435795962564356,10.492186561674876,0.0006185906885375657,-0.08505855114468215,0.058658109253192404,-0.18100762314026686,0
0.31000000000000016,0.505398746954004,10.499106117643676,0.0008978638560578208,-0.08592445324208546,0.05748677470366656,-0.17318041948066187,0
0.31500000000000017,0.4837005664621188,10.504324462482838,0.0011733576645256336,-0.08675676995429644,0.05637442958315013,-0.16646334244219685,0
0.3200000000000002,0.8191384422074979,10.456846970639225,0.0014834187952208193,-0.08772420430147089,0.06391402024402185,-0.19348686943488902,0
0.3250000000000002,0.8475336812318499,10.427822189075053,0.0018085922896010082,-0.08871024864504241,0.06682186334364036,-0.19720886871430476,0
0.3300000000000002,0.7897158299979274,10.423110968265734,0.002133877681491161,-0.08966154776804074,0.06644226267833347,-0.1902598245996645,0
0.3350000000000002,0.6867175315209639,10.428174966270367,0.0024549004446794863,-0.09056008999636538,0.06511584034862773,-0.17970844566492783,0
0.3400000000000002,0.5871649719723617,10.4342456139878,0.002771313085069944,-0.09140803008272509,0.0637363235140158,-0.16958801727194328,0
0.3450000000000002,0.5107547041499068,10.438662344099649,0.0030837857528285936,-0.09221391876710602,0.06253071572460271,-0.1611777368761863,0
0.3500000000000002,0.45679681911587267,10.441547079637491,0.0033929421885015784,-0.09298573083962804,0.06148619419849176,-0.15436241450440258,0
0.3550000000000002,0.886958408678959,10.394689143701472,0.0037352189225704348,-0.0939156125312839,0.06887548515252807,-0.185976338331173,0
0.3600000000000002,0.8950760145654169,10.363741873140867,0.004094194521402357,-0.09486797854163771,0.07210900114762173,-0.19047320207076224,0
0.3650000000000002,0.7875149848736012,10.357554660034227,0.00445548139687046,-0.09578443442682152,0.07215085735382705,-0.18329117703676234,0
0.3700000000000002,0.6317717294581744,10.361463376950935,0.004815032846578992,-0.09664717605135006,0.0713098479352807,-0.17254832490570804,0
0.3750000000000002,0.48892982408770536,10.366714383664219,0.005172596034005502,-0.09746071154625022,0.07044325495977058,-0.16270709898003055,0
0.3800000000000002,0.3810276355762934,10.370666035960964,0.005528838461355166,-0.09823614024552901,0.06975938088465239,-0.15508573985575924,0
0.38500000000000023,0.3057534861608975,10.373446244016776,0.005884332516998874,-0.09898342168946174,0.06923194576744876,-0.14945628878654527,0
0.39000000000000024,0.842595792822193,10.327455246501025,0.006272872589421511,-0.09991648491998019,0.07676171343026092,-0.18661264610368988,0
0.39500000000000024,0.8470039278286858,10.2971169317192,0.0066807015026248105,-0.1008804802832063,0.08051576032342259,-0.19279907264522222,0
0.40000000000000024,0.7112875925670021,10.291896777292802,0.007093458564098003,-0.10181151330223454,0.08104562351991618,-0.18620660380564702,0
0.40500000000000025,0.5277704903346194,10.297028521347828,0.007506799217715232,-0.10269108917347873,0.08061877126282106,-0.17591517424883907,0
0.41000000000000025,0.3686108798923211,10.303748255152007,0.00791993349097135,-0.10352487995235271,0.08005395887667371,-0.16675815577479602,0
0.41500000000000026,0.2571287886201308,10.309389060406412,0.008332913410571062,-0.1043251949619875,0.07954487050509303,-0.16006300192695777,0
0.42000000000000026,0.18855021408194794,10.314035205844043,0.00874568473097569,-0.10510259040568833,0.07906046594199775,-0.15547908874016525,0
0.42500000000000027,0.8631704079195188,10.268991529140521,0.009188963647250558,-0.10609244224516139,0.08616820811040064,-0.1979703678946121,0
0.43000000000000027,0.8899538493606229,10.240605650727321,0.009651189417873398,-0.10711839190369384,0.08976800475608432,-0.2051899317064898,0
0.4350000000000003,0.7498714721684934,10.237430371873627,0.010117547656046751,-0.10810952121239413,0.09000876043073397,-0.19822586174005896,0
0.4400000000000003,0.5593360967648486,10.244562763605119,0.010583090161976977,-0.10904542450969482,0.08915519420852774,-0.18718065946013718,0
0.4450000000000003,0.4013098779635502,10.253181089428512,0.011046299420866247,-0.10993197457720488,0.08801376244156113,-0.17731001350201336,0
0.4500000000000003,0.2999792166943127,10.260569896061085,0.011506525350569802,-0.11078191839549385,0.08678697777957363,-0.16998876365779403,0
0.4550000000000003,0.24773426608953564,10.266765694818725,0.011963096693261054,-0.11160581348589016,0.08546080881934265,-0.16477901807926132,0
0.4600000000000003,1.079918633714355,10.22250714191445,0.012443702380562324,-0.11266307658791763,0.09129520709818117,-0.2114526204054945,0
0.4650000000000003,1.1307873275773836,10.194881083622128,0.012939333793898522,-0.11375295963893856,0.0939567827075803,-0.21797661020418468,0
0.4700000000000003,0.9800966849039288,10.192348669140431,0.013434930134368101,-0.11479663176406245,0.0931758378722535,-0.20873442502477857,0
0.4750000000000003,0.7719521774129774,10.199844961865333,0.013925209423592648,-0.11577182366457846,0.09123018219417982,-0.19503838010320185,0
0.4800000000000003,0.6017826402532975,10.208480705345947,0.014408258681701851,-0.11668515740635357,0.08892910951169342,-0.18266674835502317,0
0.4850000000000003,0.49529669941833987,10.215516671983073,0.01488310339510155,-0.11755059586411244,0.08649444224545765,-0.17308769155177373,0
0.4900000000000003,0.44236618312435816,10.220987697091779,0.015348861166698605,-0.11837958266990756,0.08393523465768847,-0.165797361159023,0
0.49500000000000033,1.4243789120720063,10.177368895425115,0.015830561603656423,-0.11945863770262914,0.08820049280775118,-0.21581100654431695,0
0.5000000000000003,1.4806579378094593,10.148054186155226,0.016322282066137006,-0.12056169796555062,0.08974506008587864,-0.22061205258429584,0
0.5050000000000003,1.2965228409132887,10.143749582424936,0.01680917510789999,-0.12160244063389566,0.08787362188065932,-0.20814853366900865,0
0.5100000000000003,1.0469997865689216,10.149263927843593,0.017286057512109355,-0.12255772583026883,0.08486968358164296,-0.19105703927463358,0
0.5150000000000003,0.8412346782616886,10.155685447345633,0.01775105433340947,-0.12343613648198798,0.0815442729777396,-0.1756821303438294,0
0.5200000000000004,0.7068112927564201,10.160298918701416,0.018203304223667744,-0.12425409955625344,0.0781380904907901,-0.16359261485309196,0
0.5250000000000004,0.6311177993019843,10.163185331452818,0.018642152472673194,-0.12502515462736594,0.07468187540922822,-0.1542110142224995,0
0.5300000000000004,1.739031384082308,10.120348247053421,0.019090177303878766,-0.12606282434990468,0.07774313066472234,-0.20753394450774842,0
0.5350000000000004,1.7804333403068497,10.088228332632434,0.019545001592531343,-0.12711767068422974,0.07864858998032369,-0.21096926686501316,0
0.5400000000000004,1.5436628550560147,10.081250197642257,0.019992526865040387,-0.12809734746994783,0.0762863710162937,-0.19593535714361732,0
0.5450000000000004,1.2351610392293129,10.084179538795086,0.020428069248839373,-0.12897898357214752,0.07290885527914188,-0.17632722043993687,0
0.5500000000000004,0.977787012931346,10.088141311818822,0.020850105847998745,-0.12977399141735743,0.06930574045736458,-0.15900156904198326,0
0.5550000000000004,0.8011735998199256,10.090467309773727,0.02125813299475386,-0.1305019653598097,0.065719108598083,-0.14559478849045515,0
0.5600000000000004,0.6906166697532861,10.091285551390188,0.02165189815275378,-0.13117913581279134,0.06218461409647781,-0.13543409059632583,0
0.5650000000000004,1.895786523811143,10.04961885645274,0.02205166343697385,-0.1321423345075147,0.06484403968397669,-0.19263973894467212,0
0.5700000000000004,1.9141418214618167,10.016146160450958,0.022458407712693373,-0.13312264731128873,0.06588758393150393,-0.1960625607548061,0
0.5750000000000004,1.625015191357205,10.008100228435124,0.022858805904566258,-0.13402333295438398,0.06381540719516615,-0.18013712861905118,0
0.5800000000000004,1.2632428190028406,10.010269851937114,0.02324851705954121,-0.13482223846567878,0.06080127376168278,-0.15978110225896014,0
0.5850000000000004,0.9631823701014586,10.01383377087713,0.023626118462638877,-0.1355333194938863,0.05758821614441333,-0.1422162056415044,0
0.5900000000000004,0.755825049115133,10.016145366846597,0.023991128520064433,-0.13617871492546413,0.05440041405447782,-0.12907908631556442,0
0.5950000000000004,0.6244369916190973,10.017331482043224,0.024343283291199506,-0.13677658328916845,0.05126239026458494,-0.11957367274086361,0
0.6000000000000004,1.914980994533959,9.977155104538394,0.024700871507323603,-0.1376818957864046,0.05401540302843307,-0.18106249944723207,0
0.6050000000000004,1.927443871623236,9.94495961053722,0.025066947030889304,-0.1386095233516316,0.05544283418650898,-0.1855255130453981,0
0.6100000000000004,1.6141414064829416,9.938378707454621,0.0254281887465481,-0.13945868348341844,0.05374025526652222,-0.16983202635736938,0
0.6150000000000004,1.2310336269903104,9.942225665932826,0.025779949569893008,-0.14020701018325696,0.05102395082388998,-0.14966533996770282,0
0.6200000000000004,0.9202453161348672,9.947693758179165,0.02612032720348175,-0.1408694627143865,0.0480029318806592,-0.1324905062259074,0
0.6250000000000004,0.7128509530008067,9.952109918569398,0.026448307574142554,-0.14146903065579128,0.04488988468303193,-0.11991358828095655,0
0.6300000000000004,0.5898101087639613,9.955551356971883,0.026763077732356828,-0.14202416019500644,0.04170464282102183,-0.11102590784303201,0
0.6350000000000005,1.9740188950195066,9.91685479508506,0.0270815148413524,-0.14290471290574072,0.044197317437325315,-0.17611054214685673,0
0.6400000000000005,2.0052422375466463,9.88707889421841,0.0274074400933649,-0.14381015471100245,0.045411905230366124,-0.18108836105234505,0
0.6450000000000005,1.6963871025502648,9.882828134262372,0.027726796548620092,-0.14463488821915185,0.043332281293797556,-0.16494670162988112,0
0.6500000000000005,1.3183400818053013,9.888895296335956,0.028034237110786234,-0.14535508521099663,0.04008984944900456,-0.14403939836895585,0
0.6550000000000005,1.0185556213662394,9.896437564774427,0.02832718060234675,-0.14598544479384282,0.03640191396031499,-0.126071916569237,0
0.6600000000000005,0.8276194910202328,9.90273638836577,0.028603994298286896,-0.14654873385670633,0.032495442794149135,-0.11265781257270291,0
0.6650000000000005,0.7242980470779585,9.907822602208814,0.028863312881436603,-0.1470628721511074,0.02840523953058594,-0.10282765888021128,0
0.6700000000000005,2.200536981104362,9.870390706103171,0.029121633889731623,-0.14791241484000273,0.02999108520216284,-0.16990853777906767,0
0.6750000000000005,2.252859531268262,9.841531912684477,0.029382986582318346,-0.14878153659230456,0.03026921428884151,-0.17382435046036648,0
0.6800000000000005,1.9480155323763437,9.837922639745184,0.029632576303197763,-0.1495595437180616,0.02710418836070287,-0.15560142515140818,0
0.6850000000000005,1.5703475905567128,9.844307617593381,0.029864595325846486,-0.15022110506209427,0.0226921212012409,-0.13231226880653368,0
0.6900000000000005,1.2723215103459147,9.851800949795436,0.030076179190105582,-0.15078090838535313,0.017791241140882735,-0.11196066465177235,0
0.6950000000000005,1.0845044706827984,9.857668366172685,0.030265550372068795,-0.1512620125028939,0.012658948465196808,-0.09622082350815298,0
0.7000000000000005,0.9841479340854686,9.861945540606978,0.0304313060146545,-0.15168253863638298,0.007352974250214674,-0.08410522669781706,0
0.7050000000000005,2.519478891127042,9.825754144513736,0.030590922805312525,-0.15244139207335242,0.007982031447679162,-0.15177068739388733,0
0.7100000000000005,2.571602166075035,9.795277923891474,0.030748501651766447,-0.1532101608929407,0.007292769773494804,-0.15375376391765783,0
0.7150000000000005,2.250075345509062,9.789851921658387,0.030888974591817064,-0.153874426087333,0.003123301428905413,-0.132853038878461,0
0.7200000000000005,1.8511660623921653,9.794207412373945,0.031006623655126096,-0.1544084980705355,-0.0022546481457321917,-0.10681439664049774,0
0.7250000000000005,1.5319033029479652,9.799461539718397,0.031098898270758676,-0.15482814000008813,-0.008037065223003452,-0.08392838591052554,0
0.7300000000000005,1.3233033856064136,9.8029116112652,0.031164468960999118,-0.15515782823368351,-0.013940029936242571,-0.06593764671907754,0
0.7350000000000005,1.2018488485436372,9.804643626656967,0.03120245779404837,-0.15541705521473262,-0.019891558003307053,-0.05184539620982087,0
0.7400000000000005,1.1340275551856873,9.805404258823973,0.03121220910506312,-0.15561784240526588,-0.025879121373723966,-0.04015743810665273,0
0.7450000000000006,1.0940901818108522,9.805784561577122,0.0311932622267494,-0.15576661345195872,-0.03188926350978496,-0.029754209338567206,0
0.7500000000000006,1.0668375156185395,9.80609061912197,0.03114535932764096,-0.15586668780264618,-0.03789646568688605,-0.02001487013749137,0
0.7550000000000006,1.0448272480830898,9.806439795915617,0.031068436772424494,-0.15592005006308735,-0.043869064108806415,-0.010672452088233975,0
0.7600000000000006,1.0249112220720633,9.806870100475974,0.03096260051753348,-0.15592827338243653,-0.04977619007993639,-0.001644663869837526,0
0.7650000000000006,1.005824579045706,9.807404537983347,0.030828097116321767,-0.15589287860793885,-0.05559131669036578,0.0070789548995364715,0
0.7700000000000006,0.9869519715771222,9.808075597955288,0.030665287636216558,-0.15581542003586465,-0.06129300563926408,0.015491714414839208,0
0.7750000000000006,0.9678701870185158,9.808928435090381,0.030474626268063274,-0.15569747967679565,-0.06686439865492813,0.023588071813801514,0
0.7800000000000006,0.9482588224201152,9.810016621383145,0.03025664265963114,-0.15554065091802413,-0.07229248263865577,0.03136575175430312,0
0.7850000000000006,0.9279228866486839,9.811397202235785,0.03001192651070912,-0.15534653291980183,-0.07756752994605584,0.038823599644460804,0
0.7900000000000006,0.9068146099451191,9.81312710093286,0.0297411133709561,-0.155116732758026,-0.0826827635824503,0.04596003235516344,0
0.7950000000000006,0.8850276668516504,9.815260853717525,0.02944487104856194,-0.1548528676612702,-0.08763418227622902,0.05277301935115997,0
0.8000000000000006,0.8627721751777209,9.817849141642373,0.029123886318430072,-0.15455656240641505,-0.09242047697176778,0.05926105097103229,0
0.8050000000000006,0.840344748511658,9.820937685079764,0.028778851754202098,-0.1542294405157826,-0.09704299311343338,0.06542437812648849,0
0.8100000000000006,0.8181025869253844,9.824566284611167,0.028410452597016193,-0.15387311009895696,-0.10150570889565927,0.07126608336512907,0
0.8150000000000006,0.7964441254353076,9.828767949649059,0.028019353674478373,-0.153489145934506,-0.10581520461170232,0.07679283289019345,0
0.8200000000000006,0.7757947552357773,9.833568131587898,0.02760618650762709,-0.15307906930279977,-0.10998059799235103,0.08201532634124487,0
0.8250000000000006,0.7565947791986964,9.838984099223156,0.027171536876661573,-0.15264432673013703,-0.11401342041818374,0.0869485145325477,0
0.8300000000000006,0.7392870781274432,9.845024489870012,0.026715933235471587,-0.15218626850412667,-0.11792741183273983,0.0916116452020721,0
0.8350000000000006,0.7243029639004988,9.851689058099515,0.026239836451188055,-0.15170612767053468,-0.12173821853806611,0.0960281667183982,0
0.8400000000000006,0.7120457667077105,9.858968632975063,0.025743631385363,-0.15120500020171812,-0.12546298703582273,0.1002254937633118,0
0.8450000000000006,0.7028725704105145,9.866845286079801,0.025227620822553906,-0.15068382707403036,-0.12911985736453557,0.10423462553755258,0
0.8500000000000006,0.6970750992943451,9.87529270610624,0.02469202219125195,-0.15014337904639616,-0.13272736956575648,0.10808960552683988,0
0.8550000000000006,0.6948610818609389,9.884276770494981,0.02413696741819865,-0.14958424495308964,-0.13630380571327427,0.11182681866130362,0
0.8600000000000007,0.6963375109445238,9.893756300002966,0.023562506121141136,-0.14900682428839773,-0.13986649645582702,0.11548413293838156,0
0.8650000000000007,0.7014971295730419,9.903683977939066,0.022968612190032295,-0.14841132476257482,-0.1434311247876155,0.11909990516458246,0
0.8700000000000007,0.7102092493931647,9.914007412067805,0.022355193645476036,-0.1477977653512175,-0.1470110608040105,0.12271188227146457,0
0.8750000000000007,0.7222157068944544,9.924670314001949,0.021722105506863324,-0.147165985154777,-0.15061675991706713,0.12635603928810024,0
0.8800000000000007,0.7371324330946027,9.935613768367986,0.021069165259333517,-0.1465156581460825,-0.15425525399626516,0.13006540173889913,0
0.8850000000000007,0.7544567946699683,9.946777562186156,0.02039617038378213,-0.14584631362757614,-0.1579297607581921,0.13386890370127302,0
0.8900000000000007,0.7735805793429424,9.95810154381009,0.019702917311053513,-0.1451573619619363,-0.16163943186200885,0.1377903331279684,0
0.8950000000000007,0.7938082472941286,9.969526980414757,0.018989221082972206,-0.14444812489370787,-0.16537925471986245,0.14184741364568487,0
0.9000000000000007,0.8143798389075396,9.98099788338063,0.018254934952295684,-0.14371786955702187,-0.1691401169062,0.14605106733719952,0
0.9050000000000007,0.8344976974602876,9.992462271909831,0.017499969135564626,-0.14296584507531712,-0.172909035013614,0.1504048963409499,0
0.9100000000000007,0.8533559181964261,10.003873346870787,0.016724307952746886,-0.14219132051174516,-0.1766695416802943,0.1549049127143931,0
0.9150000000000007,0.8701711752386068,10.015190548995111,0.01592802465092114,-0.14139362283202403,-0.18040221537644202,0.15953953594422532,0
0.9200000000000007,0.8842133278491051,10.026380478247113,0.015111293319431049,-0.14057217350305787,-0.18408532783832363,0.16428986579323235,0
0.9250000000000007,0.8948340140728739,10.037417654238634,0.014274397460116443,-0.13972652237836955,-0.18769557468752582,0.1691302249376636,0
0.9300000000000007,0.9014913606439432,10.048285101030709,0.013417734971602398,-0.13885637762109,-0.19120884701478805,0.17402895145591235,0
0.9350000000000007,0.9037690321538481,10.058974743363779,0.012541819527513504,-0.13796163058897892,-0.19460099695489205,0.17894940642221302,0
0.9400000000000007,0.901388148068655,10.06948760534468,0.01164727855513071,-0.13704237484981252,-0.19784854974763405,0.1838511478332805,0
0.9450000000000007,0.8942111190179656,10.079833806691566,0.010734848229725417,-0.13609891879795888,-0.20092931922112464,0.18869121037072834,0
0.9500000000000007,0.8822371549055408,10.090032355863704,0.009805366066642647,-0.13513179168439748,-0.203822893020291,0.19342542271227892,0
0.9550000000000007,0.8655899974627435,10.100110743587521,0.008859761797957912,-0.13414174322598105,-0.2065109673809566,0.19800969168328741,0
0.9600000000000007,0.8444992197360897,10.110104344486784,0.007899047250492636,-0.13312973729399477,-0.2089775271984122,0.20240118639725524,0
0.9650000000000007,0.819277097894,10.120055638566633,0.006924305894337558,-0.132096940465123,-0.2112088834650781,0.20655936577435585,0
0.9700000000000008,0.7902934962084007,10.130013268244408,0.005936682613472427,-0.13104470642201885,-0.21319359467261403,0.21044680862082887,0
0.9750000000000008,0.7579513483818197,10.140030950268615,0.004937374079435255,-0.12997455729630325,-0.2149223096009965,0.2140298251431194,0
0.9800000000000008,0.7226651482480939,10.1501662653032,0.003927619908612543,-0.12888816304596276,-0.21638757474642298,0.21727885006809777,0
0.9850000000000008,0.6848444085919976,10.160479350979674,0.002908694579797128,-0.12778731985652686,-0.21758364992357246,0.22016863788718033,0
0.9900000000000008,0.6448833718620879,10.17103152683342,0.0018818999068729069,-0.12667392836773414,-0.2185063704793084,0.22267829775854397,0
0.9950000000000008,0.6031574501876271,10.181883881650755,0.000848557723925108,-0.12554997228115342,-0.21915308487189863,0.22479121731614482,0
1.0000000000000007,0.6031574501876271,10.193095855212942,-0.0001899976368587127,-0.12441749763196874,-0.2195226833302068,0.22649492983693453,0
1.0050000000000006,0.5014645930096666,10.204723794588007,-0.0012321806987205487,-0.12327609977874106,-0.21957649500366255,0.22827957064553706,0
1.0100000000000005,0.5014645930096666,10.216819590192134,-0.0022770555790722923,-0.12213131921988984,-0.21942106762309832,0.22895611177024267,0
1.0150000000000003,0.4060360745964626,10.229430205061274,-0.0033229628501911953,-0.12098252375511259,-0.21894044529538703,0.2297590929554505,0
1.0200000000000002,0.4060360745964626,10.242594713072496,-0.004368966455797569,-0.11983482930376138,-0.21825482699665108,0.2295388902702422,0
1.0250000000000001,0.3136872703984501,10.256345748680246,-0.005413484430107062,-0.11868756058572894,-0.21726215457963916,0.22945374360648918,0
1.03,0.3136872703984501,10.27070608634565,-0.006455659008641594,-0.11754559742752706,-0.21608406903287278,0.2283926316403756,0
1.035,0.22731917363753773,10.28569095819504,-0.007494040191134989,-0.11640821821701015,-0.2146280154148397,0.22747584210338068,0
1.0399999999999998,0.22731917363753773,10.3013044912529,-0.00852789264815101,-0.11527991060892001,-0.21301530054537962,0.22566152161802855,0
1.0449999999999997,0.15049658192584658,10.317542943425401,-0.009555962562422948,-0.11415993221443531,-0.21116608988739,0.2239956788969405,0
1.0499999999999996,0.15049658192584658,10.33439120243922,-0.010577672112378174,-0.1130521953525697,-0.20919632753424056,0.22154737237312094,0
1.0549999999999995,0.08710795887628997,10.3518267421176,-0.011592015601649302,-0.11195597215146429,-0.2070413012516336,0.21924464022108348,0
1.0599999999999994,0.08710795887628997,10.369816448075003,-0.012598585494000504,-0.11087440234646817,-0.20480459996243905,0.21631396099922318,0
1.0649999999999993,0.04033218793694893,10.3883209474824,-0.013596649717922302,-0.10980681006164217,-0.20243816081128546,0.21351845696520044,0
1.0699999999999992,0.04033218793694893,10.407292068167108,-0.014585956497713187,-0.10875540441296884,-0.2000259031061264,0.21028112973466573,0
1.074999999999999,0.01164374285190739,10.426677089215847,-0.015566037315752696,-0.10771959239071588,-0.19753654077612673,0.20716240445059209,0
1.079999999999999,0.01164374285190739,10.446417127470621,-0.01653675618847313,-0.10670058560610199,-0.19502867381217692,0.20380135692277812,0
1.0849999999999989,0.00016761032125955921,10.466450842644667,-0.017497861310973816,-0.10569789076669295,-0.19248616878897304,0.20053896788180814,0
1.0899999999999987,0.00016761032125955921,10.486713948957021,-0.018449274654425488,-0.10471177971167418,-0.1899399300515295,0.19722221100375303,0
1.0949999999999986,0.002556835079838393,10.507142005709332,-0.019390884184493504,-0.10374185742776637,-0.18738555951141617,0.1939844567815624,0
1.0999999999999985,0.002556835079838393,10.527671074048786,-0.020322604909835257,-0.10278764405253536,-0.18482795368264557,0.19084267504620167,0
1.1049999999999984,0.01340062377791007,10.548239417527448,-0.02124436989477834,-0.10184882282554102,-0.18226954270013948,0.18776424539886927,0
1.1099999999999983,0.01340062377791007,10.56878909500234,-0.022156026465385444,-0.10092445817245212,-0.1796948328494411,0.18487293061777987,0
1.1149999999999982,0.026038927949763035,10.589266643087274,-0.023057455413581524,-0.1000142763943196,-0.17710728358322728,0.18203635562650256,0
1.119999999999998,0.026038927949763035,10.60962516373664,-0.023948389503712246,-0.0991172463191569,-0.1744796560721884,0.1794060150325405,0
1.124999999999998,0.03359081610930481,10.629824306854124,-0.02482857186927673,-0.09823309313685749,-0.1718105093993495,0.17683063645988206,0
1.129999999999998,0.03359081610930481,10.649832225668138,-0.025697594179967188,-0.09736105956593374,-0.16907111725801677,0.1744067141847494,0
1.1349999999999978,0.02998624751355905,10.669625371277139,-0.02655500018391357,-0.09650082410458141,-0.16624982921677617,0.17204709227046644,0
1.1399999999999977,0.02998624751355905,10.68918959130408,-0.027400236529224607,-0.09565222765930526,-0.16332663838033312,0.16971928905523126,0
1.1449999999999976,0.010800854332188692,10.708520351115807,-0.02823261604123068,-0.09481486237806362,-0.16027559173056274,0.16747305624832676,0
1.1499999999999975,0.010800854332188692,10.727622264373025,-0.029051456585743377,-0.09398940241875553,-0.15709394244456937,0.16509199186161838,0
1.1549999999999974,-0.026268083454402458,10.746510350913793,-0.029855839034959062,-0.09317532526360278,-0.15373892571696543,0.16281543103054963,0
1.1599999999999973,-0.026268083454402458,10.765207412292149,-0.03064498256789916,-0.09237425887184117,-0.15023071255039158,0.16021327835232246,0
1.1649999999999971,-0.08136169498300205,10.783746830996144,-0.031417760354786814,-0.09158555139764785,-0.1465089429215912,0.15774149483866462,0
1.169999999999997,-0.08136169498300205,10.80216741692811,-0.03217332898404964,-0.0908117881633612,-0.1426189794350201,0.15475264685732848,0
1.174999999999997,-0.1528058106602579,10.820518077025614,-0.032910395182340825,-0.09005218601851743,-0.13848376459911604,0.1519204289687548,0
1.1799999999999968,-0.1528058106602579,10.838850018150284,-0.033628088635852246,-0.08931019225278646,-0.13417306163309545,0.148398753146195,0
1.1849999999999967,-0.23767108632033995,10.857223414717748,-0.03432499992528698,-0.0885848999363222,-0.1295955075273753,0.145058463292852,0
1.1899999999999966,-0.23767108632033995,10.875697111341454,-0.03500026428257624,-0.08788045387213306,-0.12484233037267292,0.14088921283782752,0
1.1949999999999965,-0.3323224270784326,10.894337230833608,-0.03565241042591152,-0.08719583680014478,-0.11981146074660146,0.13692341439765499,0
1.1999999999999964,-0.3323224270784326,10.913204737921491,-0.03628060919021286,-0.08653568767608442,-0.11461157003099177,0.1320298248120716,0
1.2049999999999963,-0.4327856319630268,10.932365784026993,-0.0368833841718589,-0.08589889597402474,-0.10913434588470525,0.12735834041193717,0
1.2099999999999962,-0.4327856319630268,10.951877655296006,-0.037459972118854365,-0.08529037366844977,-0.1035015290518585,0.12170446111499367,0
1.214999999999996,-0.5348895498964659,10.971800541441311,-0.03800895116737411,-0.08470893728264418,-0.09760353041906876,0.11628727716111731,0
1.219999999999996,-0.5348895498964659,10.992182503456009,-0.03852965622096585,-0.08415954229353446,-0.09157061341651171,0.10987899782194388,0
1.2249999999999959,-0.6342802453542209,11.013072261370068,-0.03902078230105367,-0.08364095682856011,-0.08529701479405985,0.10371709299487053,0
1.2299999999999958,-0.6342802453542209,11.034503895811907,-0.03948179523811844,-0.08315794412156985,-0.0789165343538126,0.09660254139805258,0
1.2349999999999957,-0.7264782225544746,11.056510154492722,-0.039911568738256596,-0.08270925357938803,-0.07233210145587994,0.08973810843636298,0
1.2399999999999956,-0.7264782225544746,11.079107656199577,-0.04030972804850368,-0.08229921779306051,-0.06567528297262927,0.082007157265504,0
1.2449999999999954,-0.8071226440045596,11.10231011804166,-0.04067538008291253,-0.08192660152791481,-0.05886196027038335,0.07452325302914065,0
1.2499999999999953,-0.8071226440045596,11.12611485021729,-0.04100832724625622,-0.08159507830401135,-0.05201492328261592,0.06630464478069309,0
1.2549999999999952,-0.8724302035892801,11.150515231261704,-0.041307948435125544,-0.08130346377669145,-0.045066317012691315,0.058322905463978336,0
1.2599999999999951,-0.8724302035892801,11.175489239674192,-0.04157422506692035,-0.08105457748019822,-0.038123432446298074,0.04977725929864729,0
1.264999999999995,-0.9197526792919426,11.201010493933977,-0.04180682403132548,-0.08084731839254901,-0.031136772041529495,0.04145181752984173,0
1.269999999999995,-0.9197526792919426,11.227039434663823,-0.04200589045885573,-0.08068351951194111,-0.0241922941741419,0.032759776121579764,0
1.2749999999999948,-0.9480305868072954,11.253532333797644,-0.0421713697754306,-0.08056218791137877,-0.017259562727255394,0.024266320112467654,0
1.2799999999999947,-0.9480305868072954,11.280435511087907,-0.042303541539720914,-0.08048412360058928,-0.010399365241184597,0.01561286215789881,0
1.2849999999999946,-0.9579666273263694,11.307691906033758,-0.04240259726890345,-0.0804484559249841,-0.003599581229694556,0.007133535121034429,0
1.2899999999999945,-0.9579666273263694,11.33523841151024,-0.04246891359983724,-0.08045500069621975,0.0031053503581860015,-0.0013089542471284021,0
1.2949999999999944,-0.9518663101582483,11.363009859188006,-0.042502878890961826,-0.08050301258155938,0.00971136775022693,-0.009602377067927104,0
1.2999999999999943,-0.9518663101582483,11.390939235210201,-0.04250492736366724,-0.08059145856756685,0.016208917217667308,-0.017689197201492535,0
1.3049999999999942,-0.933235504462349,11.418959198110786,-0.04247558531054038,-0.08071971202158103,0.02258108880846645,-0.02565069080283644,0
1.309999999999994,-0.933235504462349,11.447004667252783,-0.042415306725784266,-0.08088609096561447,0.028839695613186923,-0.03327578880668869,0
1.314999999999994,-0.906301578302628,11.475012218084904,-0.04232469305563436,-0.081090073432542,0.0349592207638335,-0.04079649338550595,0
1.3199999999999938,-0.906301578302628,11.502924345607882,-0.04220418326496566,-0.08132956605979787,0.04096806478786084,-0.047898525451173235,0
1.3249999999999937,-0.8756032680266959,11.53068723580758,-0.04205439094001238,-0.08160413198520505,0.0468368897373134,-0.054913185081437166,0
1.3299999999999936,-0.8756032680266959,11.558255915305693,-0.041875708216591055,-0.08191151829762901,0.05260528382398246,-0.06147726248479091,0
1.3349999999999935,-0.8457037510590748,11.585590978990178,-0.041668699914098946,-0.08225134916751073,0.058245024224207395,-0.0679661739763443,0
1.3399999999999934,-0.8457037510590748,11.612663829637398,-0.041433682975383364,-0.08262146144727829,0.06380118235440434,-0.07402245595351242,0
1.3449999999999933,-0.8209829302300395,11.639452966285816,-0.04117111733748458,-0.08302151226031632,0.069251333154032,-0.08001016260760496,0
1.3499999999999932,-0.8209829302300395,11.665948571340904,-0.04088122196338652,-0.083449663058718,0.07464008701687126,-0.08563015968033605,0
1.354999999999993,-0.8054135797538962,11.692148948602883,-0.04056430490395488,-0.08390557273898859,0.07995484219942453,-0.09118193605411884,0
1.359999999999993,-0.8054135797538962,11.718063814226495,-0.040220473811182454,-0.0843879357960481,0.08523361860294534,-0.09647261141190189,0
1.3649999999999929,-0.8022449344086233,11.743711422811266,-0.03984985298773454,-0.08489638078797118,0.09047661560791065,-0.10168899838461642,0
1.3699999999999928,-0.8022449344086233,11.769120059553991,-0.03945243929559513,-0.08543030131854584,0.09570923762741167,-0.10678410611493216,0
1.3749999999999927,-0.8135903045404564,11.794326301255314,-0.03902816303341683,-0.08598926624762365,0.10094606140434235,-0.11179298581556196,0
1.3799999999999926,-0.8135903045404564,11.819374394651485,-0.03857692776894032,-0.08657347143859048,0.10619457865053011,-0.116841038193366,0
1.3849999999999925,-0.8399978615210273,11.844315958346339,-0.03809848603678862,-0.08718240410202313,0.11148364098761294,-0.12178653268652972,0
1.3899999999999924,-0.8399978615210273,11.86920716697382,-0.03759268297938054,-0.0878170813255386,0.11679911055098946,-0.12693544470309404,0
1.3949999999999922,-0.8801310227077455,11.894110011709033,-0.037059137575519076,-0.08847689865805909,0.12218219170833611,-0.13196346650409807,0
1.3999999999999921,-0.8801310227077455,11.919087477217882,-0.036497685881030646,-0.08916361361383196,0.12759582567767494,-0.1373429911545737,0
1.404999999999992,-0.930679719297931,11.944206261057154,-0.035907882481083404,-0.0898765351956065,0.13308989666014084,-0.14258431635490731,0
1.409999999999992,-0.930679719297931,11.96953039841928,-0.03528961217239122,-0.09061797717858032,0.13860615567267767,-0.14828839659476456,0
1.4149999999999918,-0.9865809303764213,11.995125127748386,-0.03464245158746214,-0.09138718313974543,0.14419808036876874,-0.15384119223302295,0
1.4199999999999917,-0.9865809303764213,12.021049643383577,-0.03396639223866447,-0.09218674797843648,0.1497911643630616,-0.15991296773820995,0
1.4249999999999916,-1.0415695095650541,12.047361625586685,-0.033261124856839554,-0.09301588496601057,0.15543658361148396,-0.16582739751481723,0
1.4299999999999915,-1.0415695095650541,12.074109938775958,-0.03252679626686677,-0.0938771334018056,0.16105137039066872,-0.1722496871590068,0
1.4349999999999914,-1.089015759945985,12.101339254342195,-0.03176329493273783,-0.09476972041621598,0.16667847647725892,-0.17851740288207518,0
1.4399999999999913,-1.089015759945985,12.129083528298347,-0.03097095339985367,-0.0956957754348973,0.1722362106799903,-0.1852110037362631,0
1.4449999999999912,-1.1229276300102047,12.157370157466907,-0.03014991950318637,-0.09665458538264936,0.1777541429241245,-0.19176198955041246,0
1.449999999999991,-1.1229276300102047,12.186214951747658,-0.02930071823026256,-0.0976475504568096,0.18316205444133737,-0.19859301483204916,0
1.454999999999991,-1.1389097032678794,12.215625381200677,-0.028423786943288898,-0.09867405700917245,0.18847236272651757,-0.20530131047256928,0
1.4599999999999909,-1.1389097032678794,12.245597519447621,-0.027519826332211113,-0.09973454198098322,0.19363515090502892,-0.21209699436215423,0
1.4649999999999908,-1.1348205753699734,12.276118138407217,-0.02658955979195849,-0.1008285178490103,0.19864363275652538,-0.21879517360541556,0
1.4699999999999906,-1.1348205753699734,12.307163785332083,-0.0256338301211648,-0.10195534475569255,0.2034739751608452,-0.2253653813364509,0
1.4749999999999905,-1.1109142088940622,12.33870171633955,-0.024653615720704108,-0.10311467208098297,0.20809987798442287,-0.23186546505808425,0
1.4799999999999904,-1.1109142088940622,12.37069094721994,-0.023649861878144565,-0.10430479874217018,0.21252539395968845,-0.23802533223744038,0
1.4849999999999903,-1.0694109624737909,12.403082225865772,-0.022623755498170226,-0.10552550761586421,0.21670591319562352,-0.24414177473880694,0
1.4899999999999902,-1.0694109624737909,12.43582063629969,-0.021576309371267845,-0.10677415981799256,0.22067141764545292,-0.24973044042566894,0
1.4949999999999901,-1.0136621709796714,12.468844941197489,-0.020508869993685203,-0.10805065979237019,0.22436133055774451,-0.2552999948755269,0
1.49999999999999,-1.0136621709796714,12.502091167847503,-0.019422493356996934,-0.10935161883871711,0.22782714314654168,-0.26019180926938335,0
1.50499999999999,-0.9472350062323667,12.535491682959085,-0.018318643105090685,-0.11067704964641233,0.23099537825074712,-0.26508616153904374,0
1.5099999999999898,-0.9472350062323667,12.56897915799338,-0.01719840406741186,-0.11202301758968763,0.2339339578992043,-0.2691935886550617,0
1.5149999999999897,-0.8732614774705354,12.602485685202728,-0.016063322751100114,-0.1133896344496351,0.23655994540619285,-0.2733233719894923,0
1.5199999999999896,-0.8732614774705354,12.635946580154062,-0.014914501884653155,-0.11477260347280821,0.23895350492131096,-0.2765938046346228,0
1.5249999999999895,-0.7942599940087778,12.669299752502821,-0.013753539645479164,-0.1161721322577847,0.24102584500040278,-0.27990575699529674,0
1.5299999999999894,-0.7942599940087778,12.702488909794665,-0.012581540432096902,-0.11758371361972561,0.2428667618646461,-0.28231627238818335,0
1.5349999999999893,-0.7124196015058413,12.735463302354324,-0.01140011765146524,-0.1190076508758284,0.24438530378326057,-0.2847874512205584,0
1.5399999999999892,-0.7124196015058413,12.76818000642361,-0.010210349446443636,-0.12043935810401786,0.24567949479550233,-0.28634144563789155,0
1.544999999999989,-0.6301313831631798,12.800604092837894,-0.009013816168543295,-0.12187923166228655,0.2466599847039052,-0.2879747116537379,0
1.549999999999989,-0.6301313831631798,12.832709775182721,-0.007811529645505587,-0.12332274419911736,0.2474316424327207,-0.288702507366162,0
1.5549999999999888,-0.5504383715599559,12.864481002292013,-0.006604976643396622,-0.1247703738325048,0.247910461554508,-0.2895259266774891,0
1.5599999999999887,-0.5504383715599559,12.895911367710296,-0.005395057281884191,-0.12621781719141817,0.2482054029703072,-0.2894886717826728,0
1.5649999999999886,-0.4771010988369877,12.927005074921881,-0.004183099655075718,-0.12766561105271174,0.248241299087045,-0.2895587722587134,0
1.5699999999999885,-0.4771010988369877,12.957775634824552,-0.002969853555463623,-0.12910987322724193,0.24812621606697813,-0.2888524349060395,0
1.5749999999999884,-0.4141398138302588,12.988247081938937,-0.0017564327866520372,-0.13055116582769694,0.24779670397902415,-0.2882585200910004,0
1.5799999999999883,-0.4141398138302588,13.018451640210962,-0.0005434178388202045,-0.13198623410314558,0.24735291931881828,-0.28701365508972954,0
1.5849999999999882,-0.36495335076865665,13.048430982651507,0.0006683223807477654,-0.13341562832395482,0.2467449407704821,-0.2858788441618465,0
1.589999999999988,-0.36495335076865665,13.078233199563915,0.0018783674842500209,-0.13483689183823613,0.24605730943383083,-0.2842527028562636,0
1.594999999999988,-0.3313169894982231,13.107913825367506,0.003086087694425117,-0.13625053105435664,0.24525393453812944,-0.28272784322410094,0
1.5999999999999879,-0.3313169894982231,13.137532551500284,0.004291184381550614,-0.13765497110470246,0.24439734297187637,-0.28088801006916353,0
1.6049999999999878,-0.31262752813909955,13.167153739820986,0.005493221651161538,-0.13905065615775203,0.2434637580952652,-0.27913701060991447,0
1.6099999999999877,-0.31262752813909955,13.1968433359018,0.006691961856327489,-0.14043685081277313,0.24249050373150785,-0.27723893100422003,0
1.6149999999999876,-0.30567198700141596,13.226668685678765,0.007887084432881256,-0.14181393739880513,0.24146274249384558,-0.27541731720640006,0
1.6199999999999875,-0.30567198700141596,13.25669599587017,0.009078341522244784,-0.1431818396947673,0.24039376827660686,-0.2735804591924351,0
1.6249999999999873,-0.30501242601211587,13.28698947444236,0.010265429732752846,-0.1445408976863979,0.23927277818010528,-0.27181159832612156,0
1.6299999999999872,-0.30501242601211587,13.317609463128234,0.011448023318060215,-0.14589139635729084,0.23809465899125623,-0.270099734178586,0
1.6349999999999871,-0.3038958126151723,13.348611197395808,0.012625736084690656,-0.14723366751008304,0.2368468936040677,-0.2684542305584403,0
1.639999999999987,-0.3038958126151723,13.380043449034423,0.013798112866877826,-0.14856798964018683,0.23551508668319546,-0.26686442602075755,0
1.644999999999987,-0.2954692340206133,13.411947481057416,0.014964600658676643,-0.14989472730234954,0.23407930887557088,-0.2653475324325416,0
1.6499999999999868,-0.2954692340206133,13.444355757559206,0.016124588050032248,-0.15121377932605454,0.23252677229111354,-0.2638104047409995,0
1.6549999999999867,-0.274013235694035,13.477291875756285,0.017277300855735547,-0.15252558147539289,0.23082535916578373,-0.2623604298676696,0
1.6599999999999866,-0.274013235694035,13.510768700161021,0.018421971745406204,-0.153829339800968,0.22897439483196488,-0.2607516651150221,0
1.6649999999999865,-0.23589511042005995,13.544790122827523,0.019557586905056698,-0.15512558912652996,0.2269263549888535,-0.2592498651123931,0
1.6699999999999864,-0.23589511042005995,13.579347913996102,0.020683246212467928,-0.15641264103320177,0.22470074529516254,-0.2574103813343609,0
1.6749999999999863,-0.18000363436769895,13.614426061693074,0.021797711196114254,-0.15769114194607395,0.2222332681687087,-0.2557001825744365,0
1.6799999999999862,-0.18000363436769895,13.649995717927617,0.02289998531583571,-0.15895844329817888,0.21956784881379376,-0.2534602704209854,0
1.684999999999986,-0.10757210947757123,13.686022616686186,0.02398864411410851,-0.1602153003834585,0.21662386241254228,-0.25137141705592336,0
1.689999999999986,-0.10757210947757123,13.722459703977972,0.025062633229837563,-0.16145816731877624,0.213469780502969,-0.2485733870635498,0
1.6949999999999859,-0.02149910288063417,13.759257791775696,0.026120391854997805,-0.16268789466859188,0.2100106247761821,-0.24594546996312694,0
1.6999999999999857,-0.02149910288063417,13.79635572495339,0.027160840545170106,-0.16390019603517153,0.20633629818749596,-0.2424602733159309,0
1.7049999999999856,0.07454863921402222,13.833694086344714,0.02818233207423455,-0.16509599953570547,0.20234054883552294,-0.23916070010678858,0
1.7099999999999855,0.07454863921402222,13.871202996502461,0.029183786490506392,-0.16627048181768178,0.19812995356280116,-0.23489645639526158,0
1.7149999999999854,0.17691082920113566,13.908818421299468,0.03016351535758994,-0.1674246329372009,0.19359072570687583,-0.2308302239038218,0
1.7199999999999853,0.17691082920113566,13.946467866912164,0.031120458007190693,-0.1685533007743026,0.1888413318643388,-0.22573356742034423,0
1.7249999999999852,0.28233972528833995,13.984088694484143,0.032052926429483354,-0.16965752710120893,0.18376447078249838,-0.22084526538126426,0
1.729999999999985,0.28233972528833995,14.021612053893298,0.03295990053340198,-0.17073202008743785,0.17848667867757423,-0.21489859724578286,0
1.734999999999985,0.3879839902369788,14.058982564477674,0.03383973568223207,-0.17177786778688958,0.17289118313334517,-0.20916953989034703,0
1.739999999999985,0.3879839902369788,14.096140862893352,0.034691480445818414,-0.17278980667042668,0.16710980921760774,-0.20238777670741892,0
1.7449999999999848,0.49109246292718645,14.133044010230051,0.03551358238643451,-0.173768966744762,0.16103022335244738,-0.19583201486706447,0
1.7499999999999847,0.49109246292718645,14.169647067804101,0.036305194626092434,-0.17471027290236466,0.15478710325018646,-0.1882612315205312,0
1.7549999999999846,0.5886955762319701,14.20592357932339,0.03706491218333186,-0.17561488924116744,0.14827620842603118,-0.18092326776055767,0
1.7599999999999845,0.5886955762319701,14.241846675569628,0.037792031947056465,-0.17647809651313875,0.14163199159809325,-0.17264145439426226,0
1.7649999999999844,0.677514884691151,14.277408925438786,0.03848535294557076,-0.17730107838547532,0.13476155255468658,-0.1645963744673129,0
1.7699999999999843,0.677514884691151,14.312603606304199,0.0391443497776015,-0.1780796505116842,0.12779472014263268,-0.15571442524177637,0
1.7749999999999841,0.7542270176879864,14.347443138798106,0.03976807371654504,-0.17881499500810946,0.12065257372047154,-0.14706889928505218,0
1.779999999999984,0.7542270176879864,14.38194129684585,0.04035619651453654,-0.17950363953327145,0.11345467109202245,-0.1377289050323971,0
1.784999999999984,0.8160227993799687,14.416129399531647,0.0409080510802938,-0.1801467402836562,0.10613787132463617,-0.12862015007695238,0
1.7899999999999838,0.8160227993799687,14.450040298707052,0.041423505292166964,-0.18074168323864415,0.09880545781293606,-0.1189885909975874,0
1.7949999999999837,0.8612465530837738,14.483721569855327,0.04190217692348003,-0.18128957620367628,0.09141080289286833,-0.10957859300642636,0
1.7999999999999836,0.8612465530837738,14.517222041344526,0.04234410802182406,-0.18178874561745095,0.0840359037863809,-0.09983388275493499,0
1.8049999999999835,0.8898577998498176,14.550601447783512,0.042749176751131164,-0.18224023504628722,0.07665013122079156,-0.09029788576725428,0
1.8099999999999834,0.8898577998498176,14.583920034329791,0.043117561044086275,-0.18264330486923724,0.06931138943464205,-0.08061396459000392,0
1.8149999999999833,0.9035466392564651,14.617244496440463,0.043449351415509256,-0.18299892775585935,0.06200320339538354,-0.07112457732442179,0
1.8199999999999832,0.9035466392564651,14.650640843680344,0.04374481422124785,-0.1833071965290774,0.05475938559303009,-0.061653754643609116,0
1.824999999999983,0.9054931154372117,14.684176880710153,0.04400418833816722,-0.1835690154403589,0.047574519770413,-0.05236378225629834,0
1.829999999999983,0.9054931154372117,14.71791812612105,0.04422777878658791,-0.18378512617746076,0.04046100633662612,-0.043222147420374224,0
1.8349999999999829,0.8998928776065025,14.751927498815123,0.044415901243519025,-0.18395637426264227,0.033420403513896316,-0.03424961703630269,0
1.8399999999999828,0.8998928776065025,14.786263741267579,0.04456885235364957,-0.18408391058013454,0.02644841317372948,-0.025507263498453225,0
1.8449999999999827,0.8914135811395507,14.820979284669336,0.0446869527858222,-0.18416853627923385,0.01954891248579071,-0.01692513981986221,0
1.8499999999999825,0.8914135811395507,14.856120378945977,0.04477044963341942,-0.1842115460375005,0.012706844515509064,-0.008601951653330886,0
1.8549999999999824,0.8847027491388157,14.891724277592953,0.04481960235744267,-0.1842137134742595,0.005923679797415542,-0.0004334873517974902,0
1.8599999999999823,0.8847027491388157,14.92782014819931,0.04483457540301518,-0.18417621390192976,-0.0008199372203235361,0.007499914465947111,0
1.8649999999999822,0.8839889633589202,14.964426739570026,0.04481551132178743,-0.1840998112304853,-0.007529232952471926,0.015280534288891756,0
1.8699999999999821,0.8839889633589202,15.001553128645485,0.04476246908413798,-0.18398532344370158,-0.014221406669621144,0.022897557356743592,0
1.874999999999982,0.8927584496644769,15.039197926732648,0.04467543364979461,-0.1838335224364593,-0.020911788456558326,0.03036020144845386,0
1.879999999999982,0.8927584496644769,15.077348994198148,0.04455434837314735,-0.1836446746279181,-0.027609386733577566,0.03776956170824519,0
1.8849999999999818,0.9134742839722669,15.115985034128306,0.04439901918628207,-0.18341957629879715,-0.034341802841220334,0.04501966582418637,0
1.8899999999999817,0.9134742839722669,15.1550735605744,0.04420927855601351,-0.183157807470886,-0.04110464811508282,0.05235376558223037,0
1.8949999999999816,0.9473271936630763,15.194575439536257,0.043984754605592216,-0.1828602023716561,-0.047938477974062844,0.05952101984598168,0
1.8999999999999815,0.9473271936630763,15.234440620038077,0.04372518971396406,-0.18252559253737258,-0.05482157320795943,0.06692196685670337,0
1.9049999999999814,0.9940383070542378,15.274615836012483,0.04343005985354566,-0.1821548589162863,-0.061806517266947976,0.07414672421725554,0
1.9099999999999813,0.9940383070542378,15.31503789093851,0.04309905377632502,-0.18174610512599623,-0.06885204540436832,0.08175075805801346,0
1.9149999999999812,1.0517534094551095,15.355644356000159,0.04273154484516897,-0.18130026070809294,-0.07602025029404386,0.08916888358065922,0
1.919999999999981,1.0517534094551095,15.396364519131012,0.0423272179061656,-0.1808148089977042,-0.0832502044918787,0.09709034207774914,0
1.924999999999981,1.117072351860859,15.437132537483224,0.04188541373028629,-0.18029072122381948,-0.090609581976099,0.10481755477694255,0
1.9299999999999808,1.117072351860859,15.477876490409521,0.04140587160752223,-0.1797250519200512,-0.09802003174934378,0.11313386075365583,0
1.9349999999999807,1.1852552323822412,15.518533106206679,0.040887983623131036,-0.1791187972421962,-0.10554984287780574,0.12125093557099897,0
1.9399999999999806,1.1852552323822412,15.559035656479777,0.040331603542016356,-0.1784688455567363,-0.1131079238437068,0.1299903370919786,0
1.9449999999999805,1.2506408000698546,15.599329119570335,0.03973626279113578,-0.1777761917586345,-0.12075771666860133,0.13853075962036443,0
1.9499999999999804,1.2506408000698546,15.639357876068242,0.03910198251389364,-0.17703786830225596,-0.1284023402720093,0.14766469127570625,0
1.9549999999999803,1.3072872576018,15.67908003545368,0.03842851350134552,-0.17625483578269446,-0.13609507465706763,0.1566065039122988,0
1.9599999999999802,1.3072872576018,15.718455994433558,0.03771608092309276,-0.1754245940772076,-0.14374188198269364,0.16604834109737454,0
1.96499999999998,1.3497823699186746,15.757460675090867,0.036964714618670465,-0.17454803445165434,-0.15138133685466018,0.1753119251106494,0
1.96999999999998,1.3497823699186746,15.796073954042827,0.03617485742407781,-0.1736234178382764,-0.15893145162361783,0.18492332267558975,0
1.9749999999999799,1.3740741448695246,15.834289759631679,0.0353468483864513,-0.17265153544854633,-0.16641280181802764,0.1943764779460122,0
1.9799999999999798,1.3740741448695246,15.872109160383054,0.03448133716530751,-0.1716316295157294,-0.17376369015762447,0.2039811865633845,0
1.9849999999999797,1.378093376107758,15.909545632831213,0.03357896993315976,-0.17056437059636487,-0.18098489865279768,0.21345178387290886,0
1.9899999999999796,1.378093376107758,15.94662124271661,0.032640572994041904,-0.16945009589779556,-0.18804071429238872,0.2228549397138624,0
1.9949999999999795,1.3619458028661793,15.98336786659121,0.03166707046610677,-0.16828934790625943,-0.19491184348845786,0.23214959830722415,0
1.9999999999999793,1.3619458028661793,16.019826483379198,0.03065942596427873,-0.16708355462190777,-0.20159068347562512,0.24115865687033278,0
2.0049999999999795,-30.29519467967039,16.056044615556743,0.029618796422005142,-0.1658331350792709,-0.2080389224175519,0.2500839085273765,0
2.0099999999999794,-30.29519467967039,16.093228249298345,0.028401965983954513,-0.16636756824730506,-0.24318721764483855,-0.10688663360683415,0
2.0149999999999793,-9.79854876415147,16.130259886189283,0.027056665011955718,-0.1686093963277164,-0.26885171203072,-0.4483656160822691,0
2.019999999999979,-9.79854876415147,16.16648384008423,0.025685217636389302,-0.17138283316038688,-0.2740426228511682,-0.5546873665340957,0
2.024999999999979,-2.2833213017288614,16.202704708961615,0.02426543375652804,-0.1747456313871699,-0.2837117143062305,-0.6725596453566018,0
2.029999999999979,-2.2833213017288614,16.238676865539404,0.022835637760938252,-0.17826216006182416,-0.2856960077108944,-0.7033057349308536,0
2.034999999999979,1.1586800855606683,16.274778590431247,0.021391214862433443,-0.18194753226265617,-0.2886221318059397,-0.737074440166402,0
2.0399999999999787,1.1586800855606683,16.310957026707715,0.01995231913290946,-0.18559800722796999,-0.28750067384899936,-0.7300949930627632,0
2.0449999999999786,2.4282630104668925,16.347410387357982,0.018518301932730824,-0.18921834776358035,-0.2865193171106142,-0.7240681071220723,0
2.0499999999999785,2.4282630104668925,16.384151756364258,0.017097724719250265,-0.19273202432065523,-0.2838178072209276,-0.7027353114149759,0
2.0549999999999784,2.7685126858820865,16.421278436341233,0.01569114749876347,-0.19614004331225293,-0.281009835266676,-0.6816037983195411,0
2.0599999999999783,2.7685126858820865,16.458822015138256,0.014301758484428499,-0.19942111239502283,-0.2775630155813704,-0.6562138165539799,0
2.064999999999978,2.7460713450998995,16.496829030162324,0.012930465538194871,-0.2025749213832573,-0.27393793605298955,-0.6307617976468949,0
2.069999999999978,2.7460713450998995,16.535325650986525,0.011578249779508385,-0.2056018482184282,-0.2701194508478012,-0.605385367034178,0
2.074999999999978,2.5937458182127457,16.574326860273757,0.010246052447139374,-0.2085010932086373,-0.2661151182428093,-0.5798489980418209,0
2.079999999999978,2.5937458182127457,16.613842346759203,0.008933933839148544,-0.21128081629321066,-0.2621037287843666,-0.555944616914672,0
2.0849999999999778,2.405035511982909,16.6538622978739,0.0076426968213615075,-0.21394005641631988,-0.2579337704875675,-0.5318480246218449,0
2.0899999999999777,2.405035511982909,16.694376103985963,0.006371956749566135,-0.2164891881698304,-0.2538467845041451,-0.5098263507021028,0
2.0949999999999775,2.218784635465177,16.735352724129726,0.00512228169434517,-0.21892723492249266,-0.24964796896214353,-0.487609350532453,0
2.0999999999999774,2.218784635465177,16.77676157999088,0.003893025922009302,-0.22126448760673167,-0.24558467346682353,-0.46745053684780213,0
2.1049999999999773,2.051401293057495,16.818553983314775,0.002684484816461747,-0.22350002477343622,-0.2414639357931308,-0.44710743334090974,0
2.1099999999999772,2.051401293057495,16.860682334228834,0.0014958456366866188,-0.22564309007701716,-0.2375120102473423,-0.42861306071618754,0
2.114999999999977,1.9087608407565213,16.903084776497778,0.00032714572516664823,-0.22769285062877131,-0.23355415849085032,-0.4099521103508308,0
2.119999999999977,1.9087608407565213,16.945701436437396,-0.0008225178544347485,-0.22965715710425477,-0.22978281162291103,-0.39286129509669143,0
2.124999999999977,1.7907100389295607,16.98846270060132,-0.0019533059691068237,-0.2315352734707415,-0.22604516304151914,-0.375623273297343,0
2.129999999999977,1.7907100389295607,17.031302333898797,-0.003066132621938623,-0.23333365766752662,-0.22249582424953054,-0.359676839357026,0
2.1349999999999767,1.6931212417101236,17.07414896952643,-0.004161264775315649,-0.23505165843639628,-0.21900147347930882,-0.34360015377393194,0
2.1399999999999766,1.6931212417101236,17.11693645312753,-0.00523954820229201,-0.23669456491847363,-0.2156814674161875,-0.32858129641546996,0
2.1449999999999765,1.6093303226081161,17.15959776803479,-0.0063012488548547865,-0.2382617826472802,-0.21241639905016466,-0.31344354576131606,0
2.1499999999999764,1.6093303226081161,17.202073176657617,-0.007347074270708812,-0.2397577975821158,-0.20929791398301562,-0.29920298696711756,0
2.1549999999999763,1.5315112781432987,17.244305692051963,-0.008377185698348345,-0.24118203448083078,-0.20621362942664284,-0.28484737974299734,0
2.159999999999976,1.5315112781432987,17.2862476337661,-0.009392101408784374,-0.24253860760720106,-0.20323823042972505,-0.27131462527405503,0
2.164999999999976,1.452023977680561,17.327856819920402,-0.010391793818501267,-0.24382692154492813,-0.20025947690503904,-0.25766278754541516,0
2.169999999999976,1.452023977680561,17.369102075568186,-0.011376566187440233,-0.24505114292432872,-0.19734704172408152,-0.24484427588011837,0
2.174999999999976,1.3645904740803374,17.409959501489787,-0.01234614862816525,-0.24621062273580147,-0.19438296565244675,-0.23189596229454823,0
2.1799999999999757,1.3645904740803374,17.45041731580874,-0.013300630036586944,-0.24730993273351387,-0.1914430092312558,-0.2198619995424811,0
2.1849999999999756,1.2651183209318617,17.490471801526454,-0.014239479535570958,-0.24834834903758018,-0.1883993200816054,-0.20768326081326283,0
2.1899999999999755,1.2651183209318617,17.530131675821295,-0.015162594223250541,-0.24933108463427672,-0.18534222973644554,-0.19654711933930757,0
2.1949999999999754,1.1520306799939988,17.569413572961135,-0.016069195139015318,-0.2502573345848707,-0.18213181893836358,-0.1852499901187965,0
2.1999999999999753,1.1520306799939988,17.608345967691005,-0.016959023495604544,-0.25113305293714405,-0.17887774400861994,-0.1751436704546694,0
2.204999999999975,1.0260705889191328,17.64696426562943,-0.01783108799431874,-0.25195736150302467,-0.1754278460947573,-0.1648617131761232,0
2.209999999999975,1.0260705889191328,17.685314194359915,-0.018685013725119628,-0.25273692695421784,-0.17191196236435202,-0.1559130902386352,0
2.214999999999975,0.8896957404895929,17.7234467182203,-0.01951964493801469,-0.25347081502058133,-0.16816729108647283,-0.14677761327269723,0
2.219999999999975,0.8896957404895929,17.761420771164833,-0.020334527403758358,-0.25416627840968253,-0.16434158686646597,-0.1390926778202406,0
2.2249999999999748,0.7463064670883242,17.799298278469294,-0.02112839234318373,-0.2548223469223989,-0.16026439452622868,-0.1312137025432758,0
2.2299999999999747,0.7463064670883242,17.837146133994665,-0.021900738148659633,-0.25544667463234905,-0.15609736071824526,-0.12486554199002686,0
2.2349999999999746,0.5995819291343238,17.875031611123266,-0.022650234053156908,-0.256038272894715,-0.15166632433442698,-0.11831965247318665,0
2.2399999999999745,0.5995819291343238,17.913023559609567,-0.02337636084245945,-0.25660499021047223,-0.1471423829681105,-0.11334346315144961,0
